tempo,axmpu,aympu,azmpu,gxmpu,gympu,gzmpu,mxmpu,mympu,mzmpu,axlsm,aylsm,azlsm,gxlsm,gylsm,gzlsm,mxlsm,mylsm,mzlsm,roll,pitch,yaw,temperatura_baro,pressao_baro,temperatura_pitot,pressao_pitot,RPI3 V,SERVO V,PWR V,PWR A,ADC2,ADC3,Longitude,Latitude,height_msl,ch1,ch2,ch3,ch4,ch5,ch6,ch7,ch8
0.000000,0.00,0.00,0.00,0.00,0.00,0.00,0.00,0.00,0.00,0.00,0.00,0.00,0.00,0.00,0.00,0.00,0.00,0.00,0.00,0.00,0.00,0.00,0.00,0.00,0.00,0.00,0.00,0.00,0.00,0.00,0.00,0.00000000,0.00000000,0.00,0,0,0,0,0,0,0,0,
0.032096,-0.09,-0.19,9.95,0.04,0.00,0.01,39.51,9.52,-22.51,0.06,-0.01,9.67,-0.03,-0.11,0.00,27.32,-31.38,-10.90,-0.01,0.03,-0.00,33.71,953.24,24.06,0.00,5049.00,33.00,0.00,30.00,16.00,24.00,0.00000000,0.00000000,0.00,0,0,0,0,0,0,0,0,
0.066168,-0.18,-0.00,10.09,0.04,0.00,0.01,39.51,9.52,-22.51,0.06,-0.06,9.70,-0.03,-0.11,0.01,27.49,-31.67,-11.48,-0.03,0.06,-0.00,33.71,953.24,24.06,0.00,5037.00,33.00,0.00,30.00,18.00,24.00,0.00000000,0.00000000,0.00,0,0,0,0,0,0,0,0,
0.100195,-0.18,-0.11,10.06,0.04,-0.00,0.01,39.51,9.52,-22.51,0.03,-0.08,9.62,-0.03,-0.11,0.01,27.72,-31.55,-11.19,-0.03,0.09,-0.00,33.71,953.24,24.06,0.00,5028.00,33.00,0.00,32.00,18.00,20.00,0.00000000,0.00000000,0.00,0,0,0,0,0,0,0,0,
0.132524,-0.14,-0.01,9.98,0.03,0.00,0.01,39.51,9.52,-22.51,0.06,-0.06,9.58,-0.03,-0.11,0.01,28.01,-31.78,-11.43,-0.04,0.12,-0.00,33.71,953.24,24.06,-5.05,5016.00,33.00,0.00,28.00,18.00,22.00,0.00000000,0.00000000,0.00,0,0,0,0,0,0,0,0,
0.167052,-0.16,-0.04,10.02,0.04,0.00,0.01,39.51,9.52,-22.51,0.04,-0.04,9.71,-0.03,-0.11,0.00,27.55,-31.26,-11.37,-0.05,0.14,-0.00,33.71,953.24,24.06,0.00,5025.00,33.00,0.00,26.00,22.00,24.00,0.00000000,0.00000000,0.00,0,0,0,0,0,0,0,0,
0.199764,-0.20,-0.01,10.04,0.04,-0.00,0.01,39.51,10.23,-23.19,0.04,-0.03,9.68,-0.03,-0.11,0.00,27.32,-31.55,-12.01,-0.06,0.16,-0.00,33.71,953.24,24.06,-9.26,5028.00,33.00,0.00,24.00,24.00,24.00,0.00000000,0.00000000,0.00,0,0,0,0,0,0,0,0,
0.233470,-0.21,-0.09,10.01,0.04,0.00,0.01,39.51,10.23,-23.19,0.04,-0.04,9.60,-0.03,-0.11,0.01,27.49,-31.15,-11.66,-0.08,0.18,-0.00,33.71,953.24,24.06,-5.05,5031.00,33.00,0.00,24.00,24.00,24.00,0.00000000,0.00000000,0.00,0,0,0,0,0,0,0,0,
0.267106,-0.13,0.00,10.00,0.04,0.00,0.02,39.51,10.23,-23.19,0.06,-0.05,9.64,-0.03,-0.11,0.01,27.26,-31.49,-12.24,-0.09,0.20,-0.00,33.71,953.24,24.06,-5.05,5031.00,33.00,0.00,24.00,24.00,24.00,0.00000000,0.00000000,0.00,0,0,0,0,0,0,0,0,
0.300919,-0.16,-0.07,9.98,0.04,-0.00,0.01,39.51,10.58,-22.85,-0.04,0.01,9.68,-0.03,-0.11,-0.00,27.38,-31.90,-12.24,-0.10,0.23,-0.00,33.71,953.24,24.06,0.00,5037.00,33.00,0.00,24.00,22.00,26.00,0.00000000,0.00000000,0.00,0,0,0,0,0,0,0,0,
0.334541,-0.17,-0.04,10.02,0.04,-0.00,0.02,39.51,10.58,-22.85,0.02,-0.11,9.66,-0.02,-0.11,0.00,26.51,-31.78,-11.43,-0.12,0.24,-0.00,33.71,953.24,24.06,0.00,5037.00,33.00,0.00,26.00,22.00,24.00,0.00000000,0.00000000,0.00,0,0,0,0,0,0,0,0,
0.368251,-0.14,-0.06,10.00,0.04,0.00,0.01,39.51,10.58,-22.85,0.04,-0.11,9.63,-0.03,-0.11,0.01,27.61,-32.19,-13.17,-0.12,0.26,-0.00,33.71,953.24,24.06,-5.05,5037.00,33.00,0.00,28.00,20.00,24.00,0.00000000,0.00000000,0.00,0,0,0,0,0,0,0,0,
0.400572,-0.13,0.02,10.04,0.04,0.00,0.01,39.51,10.58,-22.85,0.09,-0.05,9.66,-0.03,-0.11,0.01,27.67,-31.32,-11.72,-0.14,0.28,-0.01,33.71,953.24,24.06,0.00,5037.00,33.00,0.00,28.00,20.00,22.00,-45.92976379,-23.24736977,597.07,0,0,0,0,0,0,0,0,
0.434348,-0.03,-0.09,10.00,0.04,-0.00,0.02,40.56,10.93,-21.48,0.04,-0.08,9.69,-0.03,-0.11,0.01,27.49,-31.20,-11.48,-0.15,0.30,-0.01,33.71,953.24,24.06,0.00,5031.00,33.00,0.00,26.00,18.00,22.00,-45.92976379,-23.24736977,597.07,0,0,0,0,0,0,0,0,
0.467975,-0.23,-0.08,9.87,0.04,0.00,0.01,40.56,10.93,-21.48,-0.01,-0.06,9.63,-0.03,-0.11,0.01,27.61,-31.26,-11.02,-0.15,0.32,-0.01,33.71,953.24,24.06,0.00,5037.00,33.00,0.00,24.00,22.00,22.00,-45.92976379,-23.24736977,597.07,0,0,0,0,0,0,0,0,
0.501728,-0.16,0.00,10.05,0.04,0.00,0.01,40.56,10.93,-21.48,0.04,-0.10,9.59,-0.03,-0.11,0.01,27.09,-31.61,-11.37,-0.16,0.34,-0.01,33.71,953.24,24.06,-5.05,5031.00,44.00,0.00,24.00,18.00,22.00,-45.92976379,-23.24736977,597.07,0,0,0,0,0,0,0,0,
0.535422,-0.12,-0.06,10.06,0.04,0.00,0.01,40.56,10.93,-21.48,0.03,-0.01,9.74,-0.02,-0.12,0.00,27.26,-31.78,-12.06,-0.17,0.36,-0.01,33.71,953.24,24.06,0.00,5034.00,33.00,0.00,24.00,16.00,22.00,-45.92976379,-23.24736977,597.07,0,0,0,0,0,0,0,0,
0.569213,-0.07,-0.11,10.00,0.04,0.00,0.01,40.04,10.05,-22.00,0.06,-0.04,9.66,-0.03,-0.11,0.01,27.14,-31.78,-12.01,-0.18,0.37,-0.01,33.71,953.24,24.06,-9.26,5028.00,33.00,0.00,26.00,16.00,24.00,-45.92976379,-23.24736977,597.07,0,0,0,0,0,0,0,0,
0.601891,-0.17,-0.11,9.84,0.04,0.00,0.01,40.04,10.05,-22.00,0.04,-0.04,9.68,-0.03,-0.11,0.00,27.49,-31.32,-11.72,-0.18,0.39,-0.01,33.71,953.24,24.06,-5.05,5034.00,33.00,0.00,24.00,18.00,24.00,-45.92976379,-23.24736977,597.07,0,0,0,0,0,0,0,0,
0.635217,-0.11,-0.08,9.93,0.04,0.00,0.01,40.04,10.05,-22.00,0.06,-0.02,9.68,-0.03,-0.11,0.00,27.38,-31.09,-12.06,-0.19,0.41,-0.01,33.71,953.24,24.06,-5.05,5028.00,33.00,0.00,26.00,20.00,24.00,-45.92976379,-23.24736977,597.07,0,0,0,0,0,0,0,0,
0.668886,-0.16,0.00,9.95,0.04,0.01,0.01,40.04,10.05,-22.00,-0.01,-0.09,9.66,-0.02,-0.11,0.01,27.67,-31.20,-11.89,-0.20,0.43,-0.01,33.71,953.24,24.06,-5.05,5031.00,33.00,0.00,30.00,18.00,24.00,-45.92976379,-23.24736977,597.07,0,0,0,0,0,0,0,0,
0.702535,-0.19,-0.10,9.98,0.04,0.00,0.01,39.33,12.17,-23.02,0.04,-0.04,9.69,-0.03,-0.11,0.01,26.91,-31.38,-10.85,-0.21,0.45,-0.01,33.71,953.24,24.06,-5.05,5037.00,44.00,0.00,28.00,20.00,22.00,-45.92976379,-23.24736977,597.07,0,0,0,0,0,0,0,0,
0.736319,-0.14,-0.05,9.92,0.04,-0.00,0.01,39.33,12.17,-23.02,0.03,-0.05,9.65,-0.03,-0.10,0.01,27.26,-31.49,-11.19,-0.21,0.46,-0.01,33.71,953.24,24.06,-5.05,5037.00,44.00,0.00,28.00,20.00,20.00,-45.92976379,-23.24736977,597.07,0,0,0,0,0,0,0,0,
0.769980,-0.13,-0.16,9.87,0.04,0.00,0.01,39.33,12.17,-23.02,0.09,-0.05,9.63,-0.03,-0.11,0.01,27.49,-32.19,-10.73,-0.22,0.47,-0.01,33.71,953.24,24.06,-5.05,5037.00,44.00,0.00,26.00,20.00,22.00,-45.92976379,-23.24736977,597.07,0,0,0,0,0,0,0,0,
0.801738,-0.15,-0.08,10.14,0.04,0.00,0.01,41.27,10.23,-22.17,0.09,-0.03,9.65,-0.03,-0.11,0.01,27.20,-31.90,-11.31,-0.23,0.48,-0.01,33.71,953.24,24.06,-5.05,5037.00,44.00,0.00,26.00,18.00,22.00,-45.92976379,-23.24736977,597.07,0,0,0,0,0,0,0,0,
0.836357,-0.12,-0.08,10.08,0.04,-0.00,0.01,41.27,10.23,-22.17,0.02,-0.10,9.57,-0.03,-0.11,0.01,28.25,-31.61,-11.31,-0.24,0.50,-0.01,33.71,953.24,24.06,-5.05,5037.00,44.00,0.00,28.00,22.00,22.00,-45.92976379,-23.24736977,597.07,0,0,0,0,0,0,0,0,
0.868290,-0.20,-0.11,9.97,0.04,0.01,0.02,41.27,10.23,-22.17,-0.01,-0.04,9.73,-0.03,-0.11,0.00,27.14,-31.73,-11.43,-0.24,0.51,-0.01,33.71,953.24,24.06,0.00,5031.00,33.00,0.00,28.00,20.00,20.00,-45.92976379,-23.24736977,597.07,0,0,0,0,0,0,0,0,
0.903373,-0.19,-0.11,10.09,0.04,-0.00,0.01,41.27,10.23,-22.17,0.03,-0.02,9.62,-0.02,-0.10,0.01,28.19,-32.13,-11.77,-0.25,0.52,-0.01,33.71,953.24,24.06,-5.05,5022.00,33.00,0.00,30.00,22.00,22.00,-45.92976379,-23.24736977,597.07,0,0,0,0,0,0,0,0,
0.937019,-0.13,-0.08,10.10,0.04,-0.00,0.01,41.27,10.23,-22.17,0.05,-0.04,9.67,-0.03,-0.11,0.01,27.26,-32.36,-10.96,-0.25,0.53,-0.01,33.71,953.24,24.06,0.00,5022.00,33.00,0.00,28.00,16.00,22.00,-45.92976379,-23.24736977,597.07,0,0,0,0,0,0,0,0,
0.970854,-0.12,-0.13,9.89,0.04,-0.00,0.01,41.27,10.23,-22.17,0.05,-0.07,9.65,-0.03,-0.11,0.00,26.68,-31.90,-10.85,-0.25,0.55,-0.01,33.71,953.24,24.06,-5.05,5028.00,33.00,0.00,28.00,18.00,24.00,-45.92976379,-23.24736977,597.07,0,0,0,0,0,0,0,0,
1.002530,-0.15,-0.08,9.92,0.04,-0.00,0.01,41.27,10.23,-22.17,0.06,-0.06,9.60,-0.03,-0.11,0.00,27.09,-31.32,-11.54,-0.25,0.56,-0.01,33.71,953.24,24.06,-9.26,5037.00,33.00,0.00,26.00,16.00,24.00,-45.92976379,-23.24736977,597.07,0,0,0,0,0,0,0,0,
1.036227,-0.19,-0.11,9.94,0.04,0.00,0.02,41.27,10.23,-22.17,0.12,-0.04,9.66,-0.03,-0.11,0.01,27.55,-32.19,-11.25,-0.26,0.57,-0.01,33.71,953.24,24.06,-9.26,5037.00,33.00,0.00,26.00,18.00,24.00,-45.92976379,-23.24736977,597.07,0,0,0,0,0,0,0,0,
1.069765,-0.16,0.00,9.98,0.04,-0.00,0.01,41.27,10.23,-22.17,0.01,0.01,9.62,-0.03,-0.11,0.01,27.32,-32.31,-12.01,-0.26,0.58,-0.01,33.71,953.24,24.06,-9.26,5040.00,33.00,0.00,28.00,16.00,24.00,-45.92976379,-23.24736977,597.07,0,0,0,0,0,0,0,0,
1.102997,-0.18,-0.05,9.97,0.04,0.00,0.01,41.27,10.23,-22.17,0.06,-0.06,9.70,-0.03,-0.11,0.01,27.55,-31.73,-11.77,-0.26,0.59,-0.01,33.71,953.24,24.06,0.00,5034.00,44.00,0.00,30.00,16.00,22.00,-45.92976379,-23.24736977,597.07,0,0,0,0,0,0,0,0,
1.137273,-0.15,-0.12,9.99,0.04,0.00,0.01,41.27,10.23,-22.17,0.04,-0.02,9.60,-0.03,-0.11,0.01,27.78,-31.55,-11.14,-0.27,0.60,-0.01,33.71,953.24,24.06,0.00,5028.00,44.00,0.00,28.00,18.00,22.00,-45.92976379,-23.24736977,597.07,0,0,0,0,0,0,0,0,
1.169432,-0.15,0.02,10.03,0.04,0.00,0.01,40.21,11.29,-22.85,0.07,-0.03,9.68,-0.03,-0.11,0.01,27.38,-31.49,-11.66,-0.28,0.61,-0.01,33.62,953.21,24.06,0.00,5022.00,33.00,0.00,30.00,18.00,22.00,-45.92976379,-23.24736977,597.07,0,0,0,0,0,0,0,0,
1.204151,-0.13,-0.08,9.93,0.04,0.00,0.01,40.21,11.29,-22.85,0.09,-0.03,9.72,-0.03,-0.12,0.00,27.26,-31.03,-11.83,-0.28,0.62,-0.01,33.62,953.21,24.06,-5.05,5016.00,33.00,0.00,28.00,20.00,24.00,-45.92976379,-23.24736977,597.12,0,0,0,0,0,0,0,0,
1.237845,-0.19,-0.08,10.10,0.04,0.01,0.02,40.21,11.29,-22.85,0.04,-0.01,9.71,-0.03,-0.11,0.01,27.43,-31.96,-11.43,-0.29,0.62,-0.01,33.62,953.21,24.06,0.00,5022.00,33.00,0.00,28.00,20.00,24.00,-45.92976379,-23.24736977,597.12,0,0,0,0,0,0,0,0,
1.271596,-0.14,-0.07,10.02,0.04,0.00,0.01,40.21,11.29,-22.85,0.04,-0.07,9.71,-0.03,-0.11,0.01,27.20,-32.31,-11.43,-0.29,0.63,-0.01,33.62,953.21,24.06,-9.26,5028.00,33.00,0.00,26.00,20.00,24.00,-45.92976379,-23.24736977,597.12,0,0,0,0,0,0,0,0,
1.305210,-0.23,-0.08,10.14,0.04,0.00,0.01,38.98,11.82,-22.68,0.05,-0.07,9.63,-0.02,-0.11,0.00,27.09,-32.54,-11.60,-0.30,0.64,-0.01,33.62,953.21,24.06,-9.26,5037.00,33.00,0.00,28.00,22.00,22.00,-45.92976379,-23.24736977,597.12,0,0,0,0,0,0,0,0,
1.338867,-0.15,-0.05,9.83,0.04,-0.00,0.01,38.98,11.82,-22.68,0.02,-0.04,9.68,-0.03,-0.11,0.01,27.49,-32.07,-11.48,-0.30,0.65,-0.01,33.62,953.21,24.06,-9.26,5034.00,33.00,0.00,26.00,22.00,22.00,-45.92976379,-23.24736977,597.12,0,0,0,0,0,0,0,0,
1.370736,-0.10,-0.09,9.96,0.04,0.00,0.02,38.98,11.82,-22.68,0.03,-0.07,9.66,-0.03,-0.11,0.01,26.91,-31.44,-11.43,-0.30,0.66,-0.01,33.62,953.21,24.06,0.00,5028.00,33.00,0.00,26.00,24.00,22.00,-45.92976379,-23.24736977,597.12,0,0,0,0,0,0,0,0,
1.405123,-0.13,-0.08,9.91,0.04,0.00,0.01,38.98,11.82,-22.68,0.02,-0.04,9.66,-0.03,-0.10,0.00,27.09,-31.44,-10.96,-0.30,0.66,-0.01,33.62,953.21,24.06,-5.05,5028.00,33.00,0.00,26.00,24.00,24.00,-45.92976379,-23.24736977,597.12,0,0,0,0,0,0,0,0,
1.438813,-0.02,-0.05,9.90,0.04,-0.00,0.01,39.68,10.76,-23.02,0.05,-0.04,9.67,-0.03,-0.11,0.01,26.85,-32.07,-12.30,-0.30,0.67,-0.01,33.62,953.21,24.06,-5.05,5028.00,33.00,0.00,24.00,22.00,24.00,-45.92976379,-23.24736977,597.12,0,0,0,0,0,0,0,0,
1.472485,-0.06,-0.07,9.94,0.04,0.00,0.01,39.68,10.76,-23.02,-0.01,-0.02,9.65,-0.03,-0.11,0.00,26.51,-31.73,-12.24,-0.31,0.67,-0.01,33.62,953.21,24.06,0.00,5034.00,33.00,0.00,24.00,16.00,26.00,-45.92976379,-23.24736977,597.12,0,0,0,0,0,0,0,0,
1.506165,-0.10,-0.12,10.01,0.03,0.00,0.01,39.68,10.76,-23.02,0.04,-0.06,9.67,-0.03,-0.11,0.01,26.56,-32.31,-11.83,-0.31,0.68,-0.01,33.62,953.21,24.06,0.00,5037.00,33.00,0.00,24.00,16.00,24.00,-45.92976379,-23.24736977,597.12,0,0,0,0,0,0,0,0,
1.537837,-0.16,-0.07,9.85,0.04,0.00,0.01,39.68,10.76,-23.02,0.05,-0.04,9.64,-0.02,-0.12,0.00,27.43,-31.44,-12.18,-0.32,0.69,-0.01,33.62,953.21,24.06,0.00,5037.00,33.00,0.00,26.00,16.00,24.00,-45.92976379,-23.24736977,597.12,0,0,0,0,0,0,0,0,
1.571602,-0.20,-0.01,10.07,0.04,-0.00,0.01,40.92,10.58,-22.85,0.08,-0.08,9.66,-0.02,-0.10,0.01,26.74,-31.96,-12.30,-0.32,0.69,-0.01,33.62,953.21,24.06,0.00,5040.00,33.00,0.00,26.00,20.00,24.00,-45.92976379,-23.24736977,597.12,0,0,0,0,0,0,0,0,
1.605572,-0.16,-0.09,10.02,0.04,0.00,0.01,40.92,10.58,-22.85,0.01,-0.06,9.72,-0.04,-0.10,0.01,27.43,-31.49,-12.18,-0.32,0.69,-0.01,33.62,953.21,24.06,-5.05,5034.00,33.00,0.00,26.00,22.00,22.00,-45.92976379,-23.24736977,597.12,0,0,0,0,0,0,0,0,
1.639829,-0.14,-0.06,9.96,0.03,0.00,0.01,40.92,10.58,-22.85,0.04,-0.06,9.69,-0.03,-0.11,0.01,27.72,-31.55,-11.48,-0.32,0.70,-0.01,33.62,953.21,24.06,-5.05,5034.00,33.00,0.00,24.00,20.00,20.00,-45.92976379,-23.24736977,597.12,0,0,0,0,0,0,0,0,
1.673522,-0.11,-0.09,9.95,0.04,0.00,0.01,42.33,11.99,-23.53,0.06,-0.05,9.63,-0.03,-0.11,0.00,27.14,-31.26,-11.77,-0.32,0.71,-0.01,33.62,953.21,24.06,0.00,5022.00,33.00,0.00,28.00,18.00,22.00,-45.92976379,-23.24736977,597.12,0,0,0,0,0,0,0,0,
1.707163,-0.13,-0.10,10.03,0.04,0.00,0.01,42.33,11.99,-23.53,0.03,-0.04,9.69,-0.03,-0.12,0.01,26.74,-31.78,-11.66,-0.33,0.71,-0.01,33.62,953.21,24.06,-5.05,5028.00,33.00,0.00,28.00,20.00,20.00,-45.92976379,-23.24736977,597.12,0,0,0,0,0,0,0,0,
1.738991,-0.11,-0.07,9.98,0.04,-0.00,0.01,42.33,11.99,-23.53,0.06,-0.10,9.62,-0.03,-0.11,0.00,26.68,-31.38,-11.60,-0.33,0.72,-0.01,33.62,953.21,24.06,0.00,5028.00,33.00,0.00,28.00,18.00,20.00,-45.92976379,-23.24736977,597.12,0,0,0,0,0,0,0,0,
1.772693,-0.16,-0.08,10.10,0.04,0.00,0.01,42.33,11.99,-23.53,0.06,-0.04,9.63,-0.03,-0.11,0.00,26.80,-31.44,-11.48,-0.33,0.73,-0.01,33.62,953.21,24.06,-5.05,5037.00,33.00,0.00,30.00,18.00,20.00,-45.92976379,-23.24736977,597.12,0,0,0,0,0,0,0,0,
1.806358,-0.12,-0.11,10.05,0.04,0.00,0.01,40.21,10.23,-22.85,0.06,-0.11,9.72,-0.02,-0.11,0.01,26.85,-31.96,-11.43,-0.33,0.73,-0.01,33.62,953.21,24.06,-5.05,5034.00,33.00,0.00,28.00,20.00,22.00,-45.92976379,-23.24736977,597.12,0,0,0,0,0,0,0,0,
1.840045,-0.16,-0.03,10.02,0.04,0.00,0.01,40.21,10.23,-22.85,0.06,-0.04,9.71,-0.02,-0.11,0.01,26.97,-32.13,-11.89,-0.34,0.74,-0.01,33.62,953.21,24.06,-5.05,5037.00,33.00,0.00,30.00,22.00,24.00,-45.92976379,-23.24736977,597.12,0,0,0,0,0,0,0,0,
1.872260,-0.14,-0.09,10.09,0.04,-0.00,0.01,40.21,10.23,-22.85,0.04,-0.06,9.63,-0.03,-0.10,0.01,27.26,-30.68,-12.06,-0.34,0.74,-0.01,33.62,953.21,24.06,0.00,5034.00,33.00,0.00,30.00,24.00,24.00,-45.92976379,-23.24736977,597.12,0,0,0,0,0,0,0,0,
1.906011,-0.10,-0.03,10.18,0.04,0.00,0.01,40.21,10.23,-22.85,0.11,-0.04,9.66,-0.03,-0.12,0.01,27.26,-31.44,-11.66,-0.34,0.74,-0.01,33.62,953.21,24.06,0.00,5037.00,33.00,0.00,30.00,24.00,22.00,-45.92976379,-23.24736977,597.12,0,0,0,0,0,0,0,0,
1.939764,-0.18,-0.09,10.08,0.04,0.00,0.01,41.09,9.70,-21.31,0.05,-0.03,9.61,-0.03,-0.11,0.01,27.14,-31.38,-11.54,-0.34,0.75,-0.01,33.62,953.21,24.06,-5.05,5037.00,33.00,0.00,28.00,24.00,20.00,-45.92976379,-23.24736977,597.12,0,0,0,0,0,0,0,0,
1.973375,-0.15,-0.10,9.92,0.04,0.01,0.01,41.09,9.70,-21.31,0.05,-0.06,9.66,-0.03,-0.11,0.00,26.62,-32.13,-12.41,-0.34,0.75,-0.01,33.62,953.21,24.06,0.00,5037.00,33.00,0.00,26.00,22.00,20.00,-45.92976379,-23.24736977,597.12,0,0,0,0,0,0,0,0,
2.006924,-0.23,-0.03,9.99,0.04,0.00,0.01,41.09,9.70,-21.31,0.11,-0.00,9.76,-0.03,-0.11,0.00,27.20,-31.73,-11.77,-0.35,0.75,-0.01,33.62,953.21,24.06,0.00,5037.00,33.00,0.00,28.00,22.00,20.00,-45.92976379,-23.24736977,597.12,0,0,0,0,0,0,0,0,
2.040633,-0.12,-0.00,10.02,0.04,0.01,0.01,41.09,9.70,-21.31,0.06,-0.06,9.67,-0.02,-0.11,0.01,27.32,-31.32,-11.72,-0.35,0.76,-0.01,33.62,953.21,24.06,0.00,5037.00,33.00,0.00,30.00,20.00,22.00,-45.92976379,-23.24736977,597.12,0,0,0,0,0,0,0,0,
2.074421,-0.22,0.01,10.06,0.04,0.00,0.01,41.45,11.11,-23.36,0.03,-0.04,9.57,-0.03,-0.11,0.00,27.38,-31.49,-11.31,-0.36,0.76,-0.01,33.62,953.21,24.06,-5.05,5031.00,33.00,0.00,28.00,22.00,22.00,-45.92976379,-23.24736977,597.12,0,0,0,0,0,0,0,0,
2.106520,-0.21,-0.05,9.98,0.04,0.00,0.01,41.45,11.11,-23.36,0.07,-0.03,9.66,-0.03,-0.11,0.01,28.07,-31.32,-11.60,-0.36,0.76,-0.02,33.62,953.21,24.06,-5.05,5034.00,33.00,0.00,28.00,22.00,24.00,-45.92976379,-23.24736977,597.12,0,0,0,0,0,0,0,0,
2.141127,-0.15,-0.14,10.02,0.04,0.00,0.01,41.45,11.11,-23.36,0.01,-0.06,9.69,-0.03,-0.11,0.01,27.26,-31.73,-11.37,-0.36,0.77,-0.02,33.62,953.21,24.06,-5.05,5034.00,33.00,0.00,30.00,20.00,24.00,-45.92976379,-23.24736977,597.12,0,0,0,0,0,0,0,0,
2.174411,-0.14,-0.06,10.02,0.04,0.00,0.01,41.45,11.11,-23.36,0.06,-0.04,9.66,-0.03,-0.11,0.01,26.91,-31.67,-12.06,-0.36,0.77,-0.02,33.62,953.21,24.06,0.00,5031.00,33.00,0.00,28.00,20.00,24.00,-45.92976379,-23.24736977,597.16,0,0,0,0,0,0,0,0,
2.208115,-0.18,-0.05,9.98,0.04,0.00,0.02,41.45,11.11,-23.36,0.08,-0.05,9.60,-0.03,-0.11,0.00,26.80,-31.55,-11.54,-0.36,0.77,-0.01,33.62,953.21,24.06,-5.05,5031.00,33.00,0.00,30.00,16.00,24.00,-45.92976379,-23.24736977,597.16,0,0,0,0,0,0,0,0,
2.240795,-0.15,0.02,9.92,0.04,0.00,0.01,41.45,11.11,-23.36,0.03,-0.03,9.67,-0.03,-0.11,0.00,27.38,-30.86,-11.14,-0.36,0.78,-0.01,33.62,953.22,24.06,0.00,5037.00,33.00,0.00,30.00,20.00,24.00,-45.92976379,-23.24736977,597.16,0,0,0,0,0,0,0,0,
2.274225,-0.17,-0.07,9.99,0.04,0.00,0.01,41.45,11.11,-23.36,0.04,-0.03,9.65,-0.03,-0.11,0.00,27.78,-31.09,-11.02,-0.36,0.78,-0.01,33.62,953.22,24.06,-5.05,5025.00,33.00,0.00,30.00,20.00,22.00,-45.92976379,-23.24736977,597.16,0,0,0,0,0,0,0,0,
2.307843,-0.15,-0.15,10.08,0.04,0.00,0.01,41.45,11.11,-23.36,0.02,-0.00,9.69,-0.03,-0.11,0.01,27.14,-31.96,-12.18,-0.36,0.79,-0.01,33.62,953.22,24.06,-5.05,5022.00,33.00,0.00,26.00,24.00,22.00,-45.92976379,-23.24736977,597.16,0,0,0,0,0,0,0,0,
2.341552,-0.20,-0.09,9.92,0.04,0.00,0.01,41.45,11.11,-23.36,0.04,-0.04,9.67,-0.03,-0.11,0.00,27.43,-31.84,-11.83,-0.36,0.79,-0.01,33.62,953.22,24.06,-5.05,5022.00,33.00,0.00,26.00,22.00,24.00,-45.92976379,-23.24736977,597.16,0,0,0,0,0,0,0,0,
2.376377,-0.11,-0.06,9.99,0.03,0.01,0.01,41.45,11.11,-23.36,0.03,-0.02,9.59,-0.03,-0.11,0.01,27.09,-30.80,-11.72,-0.36,0.80,-0.02,33.62,953.22,24.06,0.00,5025.00,44.00,0.00,24.00,18.00,24.00,-45.92976379,-23.24736977,597.16,0,0,0,0,0,0,0,0,
2.409431,-0.18,-0.10,9.97,0.05,-0.00,0.01,41.45,11.11,-23.36,0.03,-0.04,9.63,-0.03,-0.12,0.01,27.61,-30.74,-10.67,-0.36,0.80,-0.01,33.62,953.22,24.06,0.00,5022.00,33.00,0.00,28.00,20.00,22.00,-45.92976379,-23.24736977,597.16,0,0,0,0,0,0,0,0,
2.443058,-0.16,-0.05,9.83,0.04,0.00,0.02,41.45,9.70,-23.70,0.05,-0.05,9.60,-0.03,-0.11,0.01,27.09,-31.09,-11.25,-0.36,0.81,-0.01,33.62,953.22,24.06,0.00,5022.00,33.00,0.00,28.00,18.00,20.00,-45.92976379,-23.24736977,597.16,0,0,0,0,0,0,0,0,
2.476764,-0.07,-0.12,10.10,0.04,0.00,0.01,41.45,9.70,-23.70,0.04,-0.06,9.54,-0.03,-0.11,0.01,27.61,-31.84,-11.31,-0.36,0.81,-0.02,33.62,953.22,24.06,-5.05,5028.00,33.00,0.00,28.00,16.00,22.00,-45.92976379,-23.24736977,597.16,0,0,0,0,0,0,0,0,
2.508360,-0.22,-0.04,9.99,0.04,0.01,0.01,41.45,9.70,-23.70,0.03,-0.03,9.70,-0.03,-0.11,-0.00,27.38,-30.80,-11.54,-0.36,0.81,-0.01,33.62,953.22,24.06,-5.05,5037.00,33.00,0.00,26.00,16.00,22.00,-45.92976379,-23.24736977,597.16,0,0,0,0,0,0,0,0,
2.542082,-0.15,-0.10,10.15,0.04,-0.00,0.01,41.45,9.70,-23.70,0.02,-0.08,9.71,-0.03,-0.10,0.00,27.14,-31.61,-11.43,-0.37,0.81,-0.02,33.62,953.22,24.06,-5.05,5037.00,33.00,0.00,26.00,18.00,24.00,-45.92976379,-23.24736977,597.16,0,0,0,0,0,0,0,0,
2.575820,-0.19,-0.05,10.01,0.04,0.00,0.01,41.45,9.70,-23.70,0.01,-0.06,9.68,-0.03,-0.11,0.00,26.74,-31.78,-12.41,-0.37,0.82,-0.01,33.62,953.22,24.06,-5.05,5037.00,33.00,0.00,28.00,20.00,24.00,-45.92976379,-23.24736977,597.16,0,0,0,0,0,0,0,0,
2.608293,-0.10,-0.13,10.00,0.04,0.00,0.01,41.45,9.70,-23.70,0.05,-0.04,9.66,-0.03,-0.11,0.00,27.32,-31.84,-11.77,-0.38,0.82,-0.02,33.62,953.22,24.06,0.00,5037.00,33.00,0.00,28.00,20.00,24.00,-45.92976379,-23.24736977,597.16,0,0,0,0,0,0,0,0,
2.642915,-0.17,-0.11,10.03,0.05,0.00,0.01,41.45,9.70,-23.70,0.06,-0.05,9.63,-0.03,-0.11,0.01,28.01,-30.74,-10.85,-0.38,0.82,-0.02,33.62,953.22,24.06,-5.05,5037.00,33.00,0.00,32.00,18.00,24.00,-45.92976379,-23.24736977,597.16,0,0,0,0,0,0,0,0,
2.677583,-0.15,-0.04,10.00,0.04,-0.00,0.01,41.45,9.70,-23.70,0.02,-0.01,9.64,-0.03,-0.12,0.01,27.55,-31.61,-11.89,-0.38,0.82,-0.02,33.62,953.22,24.06,-5.05,5034.00,33.00,0.00,32.00,16.00,24.00,-45.92976379,-23.24736977,597.16,0,0,0,0,0,0,0,0,
2.709323,-0.15,-0.08,10.02,0.04,0.00,0.01,41.45,9.70,-23.70,0.04,-0.11,9.64,-0.03,-0.10,0.00,26.45,-31.38,-11.54,-0.38,0.82,-0.01,33.62,953.22,24.06,-5.05,5034.00,33.00,0.00,30.00,16.00,24.00,-45.92976379,-23.24736977,597.16,0,0,0,0,0,0,0,0,
2.742931,-0.18,-0.05,10.03,0.04,0.00,0.01,41.45,9.70,-23.70,0.05,-0.05,9.63,-0.03,-0.10,0.01,26.91,-31.49,-11.14,-0.38,0.82,-0.01,33.62,953.22,24.06,-5.05,5034.00,33.00,0.00,30.00,20.00,24.00,-45.92976379,-23.24736977,597.16,0,0,0,0,0,0,0,0,
2.776627,-0.18,-0.06,9.99,0.04,0.01,0.01,41.45,9.70,-23.70,0.01,-0.06,9.68,-0.02,-0.11,0.01,27.14,-31.15,-11.72,-0.38,0.82,-0.01,33.62,953.22,24.06,-5.05,5037.00,33.00,0.00,28.00,20.00,24.00,-45.92976379,-23.24736977,597.16,0,0,0,0,0,0,0,0,
2.810456,-0.12,-0.12,9.93,0.04,0.00,0.01,39.51,8.82,-22.51,-0.02,-0.04,9.68,-0.03,-0.10,0.00,27.38,-31.15,-11.95,-0.39,0.82,-0.01,33.62,953.22,24.06,-5.05,5037.00,33.00,0.00,30.00,20.00,22.00,-45.92976379,-23.24736977,597.16,0,0,0,0,0,0,0,0,
2.844059,-0.12,0.01,9.94,0.04,0.00,0.01,39.51,8.82,-22.51,0.04,-0.05,9.62,-0.03,-0.11,0.01,27.43,-30.97,-12.18,-0.39,0.83,-0.01,33.62,953.22,24.06,-5.05,5037.00,33.00,0.00,28.00,16.00,22.00,-45.92976379,-23.24736977,597.16,0,0,0,0,0,0,0,0,
2.877438,-0.15,-0.02,9.91,0.04,-0.00,0.01,39.51,8.82,-22.51,0.06,-0.06,9.71,-0.03,-0.11,0.00,27.38,-30.68,-11.77,-0.39,0.83,-0.02,33.62,953.22,24.06,-5.05,5037.00,33.00,0.00,30.00,18.00,22.00,-45.92976379,-23.24736977,597.16,0,0,0,0,0,0,0,0,
2.911178,-0.12,-0.10,10.09,0.04,0.00,0.02,39.51,8.82,-22.51,0.05,-0.08,9.64,-0.03,-0.11,0.00,27.67,-31.44,-11.89,-0.39,0.83,-0.02,33.62,953.22,24.06,-5.05,5022.00,33.00,0.00,30.00,20.00,24.00,-45.92976379,-23.24737167,597.20,0,0,0,0,0,0,0,0,
2.944858,-0.15,-0.09,9.99,0.04,0.00,0.02,40.21,9.88,-22.51,0.08,-0.03,9.70,-0.03,-0.11,0.01,27.61,-31.32,-11.48,-0.39,0.83,-0.01,33.62,953.22,24.06,-5.05,5028.00,33.00,0.00,32.00,20.00,24.00,-45.92976379,-23.24737167,597.20,0,0,0,0,0,0,0,0,
2.978480,-0.14,-0.09,10.05,0.04,0.00,0.01,40.21,9.88,-22.51,0.07,-0.01,9.66,-0.03,-0.11,0.01,27.26,-31.84,-11.66,-0.39,0.84,-0.02,33.62,953.22,24.06,-5.05,5031.00,33.00,0.00,32.00,20.00,24.00,-45.92976379,-23.24737167,597.20,0,0,0,0,0,0,0,0,
3.012162,-0.18,-0.08,9.91,0.04,0.01,0.01,40.21,9.88,-22.51,0.06,-0.08,9.66,-0.03,-0.12,0.00,27.09,-31.61,-12.76,-0.39,0.84,-0.02,33.62,953.22,24.06,-5.05,5040.00,33.00,0.00,28.00,20.00,24.00,-45.92976379,-23.24737167,597.20,0,0,0,0,0,0,0,0,
3.045668,-0.10,-0.07,10.04,0.04,0.00,0.01,40.92,11.29,-22.85,0.04,-0.01,9.75,-0.03,-0.11,0.01,27.38,-31.78,-12.76,-0.39,0.84,-0.02,33.62,953.22,24.06,-5.05,5040.00,33.00,0.00,30.00,22.00,24.00,-45.92976379,-23.24737167,597.20,0,0,0,0,0,0,0,0,
3.077386,-0.10,-0.10,9.97,0.03,0.00,0.01,40.92,11.29,-22.85,0.02,-0.04,9.74,-0.03,-0.11,0.00,27.55,-31.90,-12.06,-0.39,0.84,-0.02,33.62,953.22,24.06,-5.05,5040.00,33.00,0.00,30.00,22.00,24.00,-45.92976379,-23.24737167,597.20,0,0,0,0,0,0,0,0,
3.111770,-0.20,-0.08,10.00,0.03,0.00,0.01,40.92,11.29,-22.85,0.05,-0.04,9.68,-0.02,-0.11,0.00,27.14,-31.49,-12.30,-0.40,0.84,-0.02,33.62,953.22,24.06,-5.05,5037.00,33.00,0.00,30.00,22.00,24.00,-45.92976379,-23.24737167,597.20,0,0,0,0,0,0,0,0,
3.143789,-0.16,0.00,9.95,0.04,0.00,0.01,40.92,11.29,-22.85,-0.00,-0.06,9.67,-0.03,-0.10,0.01,27.14,-31.09,-12.12,-0.40,0.84,-0.02,33.62,953.22,24.06,-5.05,5034.00,33.00,0.00,24.00,20.00,24.00,-45.92976379,-23.24737167,597.20,0,0,0,0,0,0,0,0,
3.179167,-0.12,0.00,10.03,0.04,-0.00,0.01,40.92,11.29,-22.85,0.03,-0.03,9.68,-0.02,-0.12,0.00,27.32,-32.13,-11.66,-0.40,0.84,-0.02,33.62,953.22,24.06,-5.05,5028.00,33.00,0.00,26.00,22.00,24.00,-45.92976379,-23.24737167,597.20,0,0,0,0,0,0,0,0,
3.212866,-0.11,0.02,10.07,0.04,0.00,0.01,40.92,11.29,-22.85,0.04,-0.05,9.66,-0.02,-0.11,0.00,27.20,-32.31,-12.30,-0.40,0.85,-0.02,33.62,953.22,24.06,-5.05,5031.00,33.00,0.00,28.00,24.00,24.00,-45.92976379,-23.24737167,597.20,0,0,0,0,0,0,0,0,
3.246520,-0.16,-0.00,10.01,0.04,0.00,0.01,40.92,11.29,-22.85,0.04,-0.04,9.77,-0.03,-0.11,0.01,26.97,-31.09,-12.35,-0.40,0.84,-0.02,33.62,953.22,24.06,-5.05,5040.00,33.00,0.00,32.00,24.00,24.00,-45.92976379,-23.24737167,597.20,0,0,0,0,0,0,0,0,
3.278262,-0.18,-0.02,9.97,0.04,0.00,0.01,40.92,11.29,-22.85,0.04,-0.03,9.69,-0.03,-0.11,0.01,26.51,-31.67,-12.70,-0.40,0.85,-0.02,33.62,953.22,24.06,-5.05,5046.00,33.00,0.00,32.00,22.00,22.00,-45.92976379,-23.24737167,597.20,0,0,0,0,0,0,0,0,
3.311962,-0.07,-0.10,9.95,0.04,0.00,0.01,43.21,10.05,-23.70,0.03,-0.01,9.71,-0.03,-0.11,0.00,27.49,-31.44,-12.12,-0.40,0.85,-0.02,33.63,953.21,24.06,-5.05,5034.00,33.00,0.00,26.00,16.00,24.00,-45.92976379,-23.24737167,597.20,0,0,0,0,0,0,0,0,
3.346147,-0.09,-0.19,10.09,0.04,0.00,0.01,43.21,10.05,-23.70,0.06,-0.08,9.68,-0.03,-0.11,0.01,27.03,-31.09,-11.48,-0.40,0.85,-0.02,33.63,953.21,24.06,0.00,5031.00,33.00,0.00,26.00,16.00,20.00,-45.92976379,-23.24737167,597.20,0,0,0,0,0,0,0,0,
3.379224,-0.11,-0.05,10.02,0.04,0.00,0.01,43.21,10.05,-23.70,0.03,-0.06,9.63,-0.03,-0.11,0.00,27.38,-31.26,-12.35,-0.40,0.85,-0.02,33.63,953.21,24.06,-5.05,5028.00,33.00,0.00,26.00,16.00,24.00,-45.92976379,-23.24737167,597.20,0,0,0,0,0,0,0,0,
3.413697,-0.26,-0.01,9.94,0.04,-0.00,0.01,43.21,10.05,-23.70,0.02,-0.06,9.68,-0.03,-0.11,0.01,27.38,-31.44,-12.30,-0.40,0.85,-0.02,33.63,953.21,24.06,-5.05,5031.00,33.00,0.00,28.00,16.00,22.00,-45.92976379,-23.24737167,597.20,0,0,0,0,0,0,0,0,
3.446099,-0.12,-0.05,10.04,0.04,0.00,0.01,41.80,12.17,-22.68,0.03,-0.06,9.68,-0.03,-0.11,0.01,27.26,-31.67,-12.99,-0.40,0.85,-0.02,33.63,953.21,24.06,-5.05,5028.00,33.00,0.00,28.00,16.00,24.00,-45.92976379,-23.24737167,597.20,0,0,0,0,0,0,0,0,
3.479913,-0.06,0.00,10.07,0.04,-0.00,0.01,41.80,12.17,-22.68,0.06,-0.07,9.65,-0.03,-0.11,0.01,27.26,-32.13,-11.77,-0.40,0.85,-0.02,33.63,953.21,24.06,-9.26,5034.00,33.00,0.00,28.00,20.00,26.00,-45.92976379,-23.24737167,597.20,0,0,0,0,0,0,0,0,
3.513576,-0.15,-0.07,9.92,0.04,0.01,0.01,41.80,12.17,-22.68,0.07,-0.04,9.65,-0.02,-0.11,0.00,26.45,-32.02,-11.72,-0.40,0.85,-0.02,33.63,953.21,24.06,-5.05,5031.00,33.00,0.00,28.00,20.00,26.00,-45.92976379,-23.24737167,597.20,0,0,0,0,0,0,0,0,
3.547246,-0.15,-0.10,9.98,0.04,0.00,0.01,39.15,10.23,-21.48,0.06,-0.06,9.63,-0.03,-0.11,0.01,27.14,-31.55,-11.95,-0.40,0.85,-0.02,33.63,953.21,24.06,-5.05,5040.00,33.00,0.00,26.00,20.00,24.00,-45.92976379,-23.24737167,597.20,0,0,0,0,0,0,0,0,
3.581049,-0.10,-0.05,10.07,0.04,0.00,0.01,39.15,10.23,-21.48,0.03,-0.02,9.70,-0.03,-0.11,0.00,27.20,-31.67,-12.76,-0.40,0.85,-0.02,33.63,953.21,24.06,-5.05,5037.00,33.00,0.00,26.00,22.00,24.00,-45.92976379,-23.24737167,597.20,0,0,0,0,0,0,0,0,
3.614581,-0.16,-0.04,9.93,0.04,0.00,0.01,39.15,10.23,-21.48,0.06,-0.02,9.61,-0.03,-0.10,0.01,26.97,-31.55,-12.30,-0.40,0.85,-0.02,33.63,953.21,24.06,-5.05,5040.00,33.00,0.00,26.00,20.00,24.00,-45.92976379,-23.24737167,597.20,0,0,0,0,0,0,0,0,
3.645809,-0.16,-0.16,10.10,0.04,-0.00,0.01,39.15,10.23,-21.48,0.08,-0.03,9.67,-0.03,-0.10,0.00,27.49,-32.19,-12.70,-0.40,0.85,-0.02,33.63,953.21,24.06,-5.05,5037.00,33.00,0.00,28.00,18.00,24.00,-45.92976379,-23.24737167,597.20,0,0,0,0,0,0,0,0,
3.680969,-0.18,-0.14,9.90,0.04,0.00,0.01,39.15,10.23,-21.48,0.03,-0.06,9.66,-0.03,-0.11,0.00,27.67,-31.61,-12.06,-0.39,0.85,-0.02,33.63,953.21,24.06,4.21,5031.00,33.00,0.00,30.00,20.00,24.00,-45.92976379,-23.24737167,597.24,0,0,0,0,0,0,0,0,
3.714505,-0.10,-0.11,9.88,0.04,-0.00,0.01,39.15,10.23,-21.48,0.04,-0.03,9.68,-0.03,-0.11,0.01,26.80,-31.78,-13.05,-0.40,0.86,-0.02,33.63,953.21,24.06,0.00,5031.00,33.00,0.00,32.00,20.00,26.00,-45.92976379,-23.24737167,597.24,0,0,0,0,0,0,0,0,
3.748297,-0.12,-0.18,9.97,0.04,0.00,0.01,39.15,10.23,-21.48,0.03,-0.02,9.68,-0.03,-0.10,0.01,26.74,-31.84,-12.59,-0.40,0.86,-0.02,33.63,953.21,24.06,4.21,5034.00,33.00,0.00,28.00,20.00,24.00,-45.92976379,-23.24737167,597.24,0,0,0,0,0,0,0,0,
3.781889,-0.20,-0.12,10.02,0.04,0.00,0.01,39.15,10.23,-21.48,0.09,-0.05,9.68,-0.03,-0.11,0.01,27.49,-31.61,-11.89,-0.40,0.86,-0.02,33.63,953.21,24.06,-5.05,5037.00,33.00,0.00,26.00,18.00,24.00,-45.92976379,-23.24737167,597.24,0,0,0,0,0,0,0,0,
3.815486,-0.07,0.01,9.99,0.04,0.00,0.02,39.15,10.23,-21.48,0.04,-0.04,9.66,-0.02,-0.12,0.00,26.91,-32.02,-12.24,-0.40,0.86,-0.02,33.63,953.21,24.06,-5.05,5040.00,33.00,0.00,26.00,22.00,22.00,-45.92976379,-23.24737167,597.24,0,0,0,0,0,0,0,0,
3.847202,-0.15,-0.05,9.93,0.04,-0.00,0.01,39.15,10.23,-21.48,0.04,-0.08,9.64,-0.02,-0.11,0.01,27.43,-31.84,-11.83,-0.40,0.86,-0.02,33.63,953.21,24.06,0.00,5037.00,33.00,0.00,26.00,22.00,24.00,-45.92976379,-23.24737167,597.24,0,0,0,0,0,0,0,0,
3.880272,-0.20,-0.10,10.01,0.04,0.00,0.01,39.15,10.23,-21.48,0.02,-0.09,9.67,-0.03,-0.12,0.01,27.43,-31.49,-11.83,-0.40,0.86,-0.02,33.63,953.21,24.06,-5.05,5034.00,33.00,0.00,26.00,22.00,24.00,-45.92976379,-23.24737167,597.24,0,0,0,0,0,0,0,0,
3.914671,-0.19,-0.09,10.03,0.04,-0.00,0.01,39.15,10.23,-21.48,0.06,-0.03,9.69,-0.02,-0.11,0.00,26.80,-30.74,-11.66,-0.40,0.86,-0.02,33.63,953.21,24.06,-5.05,5028.00,33.00,0.00,26.00,18.00,24.00,-45.92976379,-23.24737167,597.24,0,0,0,0,0,0,0,0,
3.948992,-0.13,-0.08,10.03,0.04,0.01,0.01,41.80,10.41,-21.31,0.02,-0.05,9.67,-0.03,-0.11,0.00,26.74,-31.96,-12.12,-0.40,0.86,-0.02,33.63,953.21,24.06,-5.05,5028.00,33.00,0.00,26.00,18.00,22.00,-45.92976379,-23.24737167,597.24,0,0,0,0,0,0,0,0,
3.982692,-0.07,-0.08,10.07,0.04,0.00,0.01,41.80,10.41,-21.31,0.04,-0.02,9.72,-0.03,-0.10,0.01,27.03,-32.60,-11.89,-0.40,0.85,-0.02,33.63,953.21,24.06,-5.05,5031.00,33.00,0.00,26.00,20.00,20.00,-45.92976379,-23.24737167,597.24,0,0,0,0,0,0,0,0,
4.016343,-0.13,-0.07,10.02,0.04,0.00,0.01,41.80,10.41,-21.31,0.11,-0.00,9.71,-0.03,-0.11,0.00,26.97,-32.02,-12.06,-0.39,0.85,-0.02,33.63,953.21,24.06,0.00,5037.00,33.00,0.00,26.00,22.00,18.00,-45.92976379,-23.24737167,597.24,0,0,0,0,0,0,0,0,
4.048071,-0.10,-0.15,10.07,0.04,0.00,0.01,41.80,10.41,-21.31,0.07,-0.06,9.64,-0.04,-0.10,0.01,27.20,-31.73,-12.30,-0.40,0.85,-0.03,33.63,953.21,24.06,0.00,5037.00,44.00,0.00,26.00,22.00,20.00,-45.92976379,-23.24737167,597.24,0,0,0,0,0,0,0,0,
4.081696,-0.14,0.00,10.06,0.04,0.00,0.01,41.80,10.41,-21.31,0.04,-0.14,9.66,-0.03,-0.11,0.00,27.43,-31.44,-12.53,-0.40,0.85,-0.03,33.63,953.21,24.06,-9.26,5034.00,44.00,0.00,28.00,18.00,22.00,-45.92976379,-23.24737167,597.24,0,0,0,0,0,0,0,0,
4.115287,-0.13,-0.06,9.99,0.04,0.00,0.01,41.80,10.41,-21.31,0.01,-0.03,9.68,-0.03,-0.11,0.00,26.74,-31.90,-11.54,-0.40,0.86,-0.03,33.63,953.21,24.06,-9.26,5037.00,33.00,0.00,28.00,20.00,20.00,-45.92976379,-23.24737167,597.24,0,0,0,0,0,0,0,0,
4.149014,-0.16,-0.06,10.04,0.04,0.00,0.01,41.80,10.41,-21.31,0.03,-0.08,9.63,-0.03,-0.11,0.00,26.91,-31.32,-12.01,-0.40,0.86,-0.03,33.63,953.21,24.06,-5.05,5034.00,33.00,0.00,28.00,22.00,22.00,-45.92976379,-23.24737167,597.24,0,0,0,0,0,0,0,0,
4.183374,-0.15,-0.07,10.10,0.04,0.00,0.01,41.80,10.41,-21.31,0.02,-0.11,9.68,-0.03,-0.11,0.01,27.03,-32.19,-11.60,-0.41,0.86,-0.03,33.63,953.21,24.06,0.00,5028.00,33.00,0.00,26.00,24.00,24.00,-45.92976379,-23.24737167,597.24,0,0,0,0,0,0,0,0,
4.217087,-0.11,0.02,10.07,0.04,0.00,0.01,41.80,10.41,-21.31,0.06,-0.03,9.68,-0.03,-0.11,0.01,27.03,-31.84,-11.72,-0.40,0.86,-0.03,33.63,953.21,24.06,-5.05,5028.00,33.00,0.00,28.00,24.00,24.00,-45.92976379,-23.24737167,597.24,0,0,0,0,0,0,0,0,
4.248929,-0.14,-0.04,9.93,0.04,0.00,0.01,41.80,10.41,-21.31,0.03,-0.04,9.62,-0.03,-0.11,0.00,26.80,-31.67,-12.06,-0.41,0.86,-0.03,33.63,953.21,24.06,-5.05,5034.00,33.00,0.00,26.00,20.00,24.00,-45.92976379,-23.24737167,597.24,0,0,0,0,0,0,0,0,
4.282611,-0.20,-0.08,10.00,0.04,0.00,0.01,41.80,10.41,-21.31,0.05,-0.02,9.67,-0.03,-0.11,0.00,27.14,-31.73,-11.89,-0.41,0.86,-0.03,33.63,953.21,24.06,4.21,5034.00,33.00,0.00,26.00,20.00,24.00,-45.92976379,-23.24737167,597.24,0,0,0,0,0,0,0,0,
4.316271,-0.19,-0.04,9.96,0.04,0.00,0.01,40.92,10.58,-22.85,0.04,-0.11,9.66,-0.03,-0.11,0.00,27.14,-31.90,-11.60,-0.41,0.86,-0.03,33.63,953.21,24.06,0.00,5034.00,33.00,0.00,26.00,20.00,24.00,-45.92976379,-23.24737167,597.24,0,0,0,0,0,0,0,0,
4.349980,-0.16,-0.14,9.97,0.04,0.00,0.01,40.92,10.58,-22.85,0.03,-0.09,9.70,-0.03,-0.12,0.01,26.68,-31.49,-11.83,-0.41,0.86,-0.03,33.63,953.21,24.06,-5.05,5034.00,33.00,0.00,26.00,20.00,24.00,-45.92976379,-23.24737167,597.24,0,0,0,0,0,0,0,0,
4.383150,-0.05,-0.05,9.83,0.04,0.00,0.02,40.92,10.58,-22.85,0.08,-0.03,9.65,-0.02,-0.11,0.00,27.61,-31.84,-11.95,-0.41,0.87,-0.03,33.66,953.28,24.06,0.00,5031.00,33.00,0.00,26.00,18.00,24.00,-45.92976379,-23.24737167,597.24,0,0,0,0,0,0,0,0,
4.417347,-0.17,0.03,10.03,0.04,0.00,0.01,40.92,10.58,-22.85,0.02,-0.06,9.68,-0.03,-0.10,0.01,27.14,-31.90,-12.59,-0.40,0.86,-0.03,33.66,953.28,24.06,0.00,5028.00,33.00,0.00,30.00,18.00,24.00,-45.92976379,-23.24737167,597.24,0,0,0,0,0,0,0,0,
4.449011,-0.17,-0.11,9.96,0.04,0.00,0.01,40.92,10.58,-22.85,0.07,-0.11,9.68,-0.03,-0.12,0.01,27.09,-31.15,-12.24,-0.40,0.86,-0.03,33.66,953.28,24.06,-5.05,5022.00,33.00,0.00,30.00,20.00,24.00,-45.92976379,-23.24737167,597.24,0,0,0,0,0,0,0,0,
4.484406,-0.11,-0.08,9.98,0.04,0.00,0.01,40.92,10.58,-22.85,0.02,-0.07,9.71,-0.03,-0.10,0.01,27.78,-31.96,-12.53,-0.41,0.86,-0.03,33.66,953.28,24.06,-5.05,5022.00,33.00,0.00,28.00,22.00,24.00,-45.92976379,-23.24737167,597.24,0,0,0,0,0,0,0,0,
4.517981,-0.13,-0.03,9.82,0.04,0.00,0.01,40.92,10.58,-22.85,0.07,-0.03,9.69,-0.03,-0.11,0.00,26.45,-32.25,-12.18,-0.40,0.86,-0.03,33.66,953.28,24.06,-5.05,5025.00,33.00,0.00,28.00,22.00,24.00,-45.92976379,-23.24737167,597.24,0,0,0,0,0,0,0,0,
4.550098,-0.19,-0.02,9.96,0.03,0.00,0.01,40.92,10.58,-22.85,0.05,-0.06,9.70,-0.03,-0.11,0.00,27.38,-31.67,-12.06,-0.41,0.86,-0.03,33.66,953.28,24.06,0.00,5031.00,33.00,0.00,26.00,20.00,20.00,-45.92976379,-23.24737167,597.24,0,0,0,0,0,0,0,0,
4.583856,-0.14,-0.06,9.96,0.04,-0.00,0.01,40.92,10.58,-22.85,0.02,-0.09,9.67,-0.03,-0.12,0.00,26.97,-31.90,-11.72,-0.41,0.86,-0.03,33.66,953.28,24.06,0.00,5037.00,33.00,0.00,30.00,18.00,18.00,-45.92976379,-23.24737167,597.24,0,0,0,0,0,0,0,0,
4.617373,-0.07,-0.06,10.00,0.04,-0.00,0.01,40.92,10.58,-22.85,0.03,-0.05,9.66,-0.02,-0.11,0.00,26.85,-32.13,-11.43,-0.41,0.87,-0.03,33.66,953.28,24.06,-5.05,5037.00,33.00,0.00,30.00,24.00,18.00,-45.92976379,-23.24737167,597.24,0,0,0,0,0,0,0,0,
4.651167,-0.21,-0.08,9.90,0.04,0.00,0.01,40.92,10.58,-22.85,0.08,-0.02,9.64,-0.03,-0.11,0.00,27.38,-31.26,-12.47,-0.41,0.87,-0.03,33.66,953.28,24.06,-5.05,5037.00,33.00,0.00,30.00,22.00,22.00,-45.92976379,-23.24737167,597.24,0,0,0,0,0,0,0,0,
4.683747,-0.17,-0.07,10.04,0.04,0.00,0.01,41.45,11.11,-20.63,0.05,-0.04,9.68,-0.03,-0.11,0.01,27.09,-31.09,-11.89,-0.41,0.87,-0.03,33.66,953.28,24.06,-5.05,5034.00,33.00,0.00,30.00,20.00,24.00,-45.92976379,-23.24737167,597.24,0,0,0,0,0,0,0,0,
4.718104,-0.11,-0.01,10.03,0.04,0.00,0.01,41.45,11.11,-20.63,0.01,-0.04,9.70,-0.03,-0.12,0.01,26.97,-31.49,-12.53,-0.41,0.87,-0.03,33.66,953.28,24.06,-5.05,5037.00,33.00,0.00,30.00,18.00,24.00,-45.92976379,-23.24737167,597.24,0,0,0,0,0,0,0,0,
4.750771,-0.07,-0.04,9.94,0.04,0.00,0.01,41.45,11.11,-20.63,0.04,-0.04,9.66,-0.03,-0.11,0.01,26.97,-32.19,-11.72,-0.41,0.87,-0.03,33.66,953.28,24.06,-5.05,5031.00,33.00,0.00,28.00,18.00,24.00,-45.92976379,-23.24737167,597.24,0,0,0,0,0,0,0,0,
4.784573,-0.09,-0.11,9.97,0.04,0.00,0.01,41.45,11.11,-20.63,0.04,-0.09,9.63,-0.02,-0.12,0.01,27.26,-31.49,-11.66,-0.41,0.87,-0.03,33.66,953.28,24.06,-5.05,5037.00,33.00,0.00,28.00,20.00,24.00,-45.92976379,-23.24737167,597.24,0,0,0,0,0,0,0,0,
4.818223,-0.11,-0.01,10.06,0.04,0.00,0.01,41.98,11.64,-22.51,0.07,-0.07,9.64,-0.03,-0.11,0.01,26.56,-31.49,-12.30,-0.41,0.87,-0.04,33.66,953.28,24.06,-5.05,5034.00,33.00,0.00,28.00,18.00,22.00,-45.92976379,-23.24737167,597.24,0,0,0,0,0,0,0,0,
4.851903,-0.10,-0.08,9.86,0.04,0.00,0.01,41.98,11.64,-22.51,0.07,-0.07,9.61,-0.03,-0.10,0.00,27.55,-31.78,-12.24,-0.41,0.87,-0.04,33.66,953.28,24.06,-5.05,5040.00,33.00,0.00,26.00,16.00,20.00,-45.92976379,-23.24737167,597.24,0,0,0,0,0,0,0,0,
4.885614,-0.16,-0.07,9.96,0.04,0.00,0.01,41.98,11.64,-22.51,0.04,-0.03,9.74,-0.03,-0.11,0.00,27.26,-31.55,-11.89,-0.41,0.87,-0.04,33.66,953.28,24.06,-5.05,5037.00,33.00,0.00,26.00,18.00,22.00,-45.92976379,-23.24737167,597.24,0,0,0,0,0,0,0,0,
4.919292,-0.12,-0.04,10.03,0.04,0.00,0.01,38.80,9.52,-23.19,0.08,-0.01,9.68,-0.03,-0.11,0.01,27.26,-31.90,-12.59,-0.41,0.87,-0.04,33.66,953.28,24.06,-5.05,5037.00,33.00,0.00,26.00,20.00,22.00,-45.92976379,-23.24737167,597.24,0,0,0,0,0,0,0,0,
4.952719,-0.11,-0.07,10.03,0.04,0.00,0.01,38.80,9.52,-23.19,0.05,-0.11,9.66,-0.03,-0.11,0.00,27.09,-31.03,-12.59,-0.41,0.87,-0.04,33.66,953.28,24.06,-5.05,5034.00,33.00,0.00,30.00,24.00,22.00,-45.92976379,-23.24737167,597.24,0,0,0,0,0,0,0,0,
4.985182,-0.19,-0.07,10.05,0.05,0.00,0.01,38.80,9.52,-23.19,0.04,-0.09,9.67,-0.03,-0.11,0.01,26.56,-31.67,-12.18,-0.41,0.87,-0.04,33.66,953.28,24.06,-5.05,5025.00,33.00,0.00,30.00,22.00,20.00,-45.92976379,-23.24737167,597.24,0,0,0,0,0,0,0,0,
5.018836,-0.11,-0.09,9.96,0.04,-0.00,0.02,38.80,9.52,-23.19,0.09,-0.06,9.70,-0.03,-0.11,0.01,27.03,-31.44,-12.64,-0.41,0.87,-0.04,33.66,953.28,24.06,-5.05,5025.00,33.00,0.00,30.00,20.00,20.00,-45.92976379,-23.24737167,597.24,0,0,0,0,0,0,0,0,
5.052590,-0.13,-0.00,10.09,0.04,0.01,0.01,40.39,9.70,-22.34,0.05,-0.04,9.68,-0.03,-0.11,0.01,27.67,-31.78,-11.83,-0.40,0.87,-0.04,33.66,953.28,24.06,-5.05,5034.00,33.00,0.00,26.00,20.00,20.00,-45.92976379,-23.24737167,597.24,0,0,0,0,0,0,0,0,
5.086392,-0.17,-0.12,9.90,0.04,-0.00,0.01,40.39,9.70,-22.34,0.03,-0.01,9.72,-0.03,-0.11,0.01,27.14,-31.49,-12.64,-0.41,0.87,-0.04,33.66,953.28,24.06,0.00,5037.00,33.00,0.00,28.00,22.00,22.00,-45.92976379,-23.24737167,597.24,0,0,0,0,0,0,0,0,
5.120085,-0.16,-0.04,10.02,0.04,0.00,0.01,40.39,9.70,-22.34,0.05,-0.04,9.71,-0.03,-0.11,0.00,27.26,-31.73,-12.35,-0.41,0.88,-0.04,33.66,953.28,24.06,-5.05,5037.00,33.00,0.00,30.00,20.00,20.00,-45.92976379,-23.24737167,597.24,0,0,0,0,0,0,0,0,
5.153749,-0.03,-0.05,10.03,0.04,-0.00,0.01,40.39,9.70,-22.34,0.04,-0.04,9.67,-0.03,-0.11,0.00,27.20,-31.44,-12.70,-0.41,0.87,-0.04,33.66,953.28,24.06,-5.05,5031.00,33.00,0.00,30.00,16.00,22.00,-45.92976379,-23.24737167,597.24,0,0,0,0,0,0,0,0,
5.187311,-0.17,-0.11,10.12,0.04,0.00,0.01,39.68,10.41,-22.00,0.04,-0.09,9.66,-0.03,-0.11,0.01,27.09,-31.78,-11.89,-0.41,0.88,-0.04,33.66,953.28,24.06,-5.05,5037.00,44.00,0.00,26.00,16.00,22.00,-45.92976379,-23.24737167,597.24,0,0,0,0,0,0,0,0,
5.219346,-0.17,-0.10,10.07,0.04,0.00,0.01,39.68,10.41,-22.00,0.06,-0.07,9.70,-0.03,-0.10,0.01,27.09,-31.32,-11.89,-0.42,0.88,-0.04,33.66,953.28,24.06,-5.05,5031.00,33.00,0.00,26.00,16.00,20.00,-45.92976379,-23.24737167,597.24,0,0,0,0,0,0,0,0,
5.253624,-0.16,-0.05,10.03,0.04,0.00,0.01,39.68,10.41,-22.00,0.06,-0.05,9.65,-0.03,-0.11,0.01,27.72,-31.73,-12.35,-0.41,0.88,-0.04,33.66,953.28,24.06,-5.05,5025.00,33.00,0.00,26.00,16.00,24.00,-45.92976379,-23.24737167,597.24,0,0,0,0,0,0,0,0,
5.287208,-0.14,0.00,9.98,0.03,0.00,0.02,39.68,10.41,-22.00,0.01,-0.01,9.70,-0.03,-0.11,0.00,27.03,-31.96,-12.01,-0.41,0.89,-0.05,33.66,953.28,24.06,0.00,5019.00,33.00,0.00,28.00,22.00,24.00,-45.92976379,-23.24737167,597.24,0,0,0,0,0,0,0,0,
5.320939,-0.16,-0.05,10.03,0.04,0.00,0.01,39.68,10.41,-22.00,0.05,-0.02,9.71,-0.03,-0.11,0.01,27.43,-31.44,-11.43,-0.41,0.89,-0.05,33.66,953.28,24.06,-5.05,5022.00,33.00,0.00,28.00,22.00,24.00,-45.92976379,-23.24737167,597.24,0,0,0,0,0,0,0,0,
5.354633,-0.24,-0.13,9.94,0.04,0.00,0.01,39.68,10.41,-22.00,0.03,-0.05,9.66,-0.03,-0.11,0.01,27.09,-31.67,-11.66,-0.41,0.89,-0.05,33.66,953.28,24.06,-9.26,5031.00,33.00,0.00,26.00,24.00,24.00,-45.92976379,-23.24737167,597.24,0,0,0,0,0,0,0,0,
5.388281,-0.11,-0.00,10.02,0.04,0.00,0.01,39.68,10.41,-22.00,0.03,-0.06,9.65,-0.03,-0.11,0.01,27.03,-31.44,-11.95,-0.41,0.89,-0.05,33.66,953.28,24.06,0.00,5037.00,33.00,0.00,26.00,20.00,24.00,-45.92976379,-23.24737167,597.24,0,0,0,0,0,0,0,0,
5.420005,-0.12,-0.13,9.97,0.04,0.00,0.01,39.68,10.41,-22.00,0.06,-0.09,9.76,-0.03,-0.11,0.00,26.85,-31.32,-11.83,-0.41,0.89,-0.05,33.66,953.28,24.06,-5.05,5037.00,33.00,0.00,28.00,16.00,24.00,-45.92976379,-23.24737167,597.24,0,0,0,0,0,0,0,0,
5.453817,-0.19,-0.09,9.91,0.04,0.00,0.01,39.68,10.41,-22.00,0.05,-0.04,9.62,-0.04,-0.11,0.00,26.68,-31.44,-11.77,-0.41,0.89,-0.05,33.66,953.28,24.06,0.00,5034.00,33.00,0.00,30.00,18.00,24.00,-45.92976379,-23.24737167,597.24,0,0,0,0,0,0,0,0,
5.487707,-0.11,-0.07,9.97,0.04,-0.00,0.01,39.68,10.41,-22.00,0.02,-0.06,9.65,-0.03,-0.11,0.00,27.20,-31.09,-12.06,-0.41,0.89,-0.05,33.65,953.21,24.06,0.00,5022.00,33.00,0.00,32.00,18.00,24.00,-45.92976379,-23.24737167,597.31,0,0,0,0,0,0,0,0,
5.522130,-0.20,-0.03,10.07,0.05,0.00,0.01,39.68,10.41,-22.00,0.04,-0.03,9.67,-0.03,-0.11,0.01,26.51,-31.20,-12.06,-0.41,0.89,-0.05,33.65,953.21,24.06,0.00,5019.00,33.00,0.00,28.00,18.00,24.00,-45.92976379,-23.24737167,597.31,0,0,0,0,0,0,0,0,
5.554062,-0.13,-0.03,9.91,0.04,-0.00,0.01,41.45,10.76,-23.02,0.04,-0.04,9.71,-0.03,-0.10,0.01,26.56,-32.13,-11.43,-0.41,0.89,-0.05,33.65,953.21,24.06,-5.05,5016.00,33.00,0.00,30.00,16.00,24.00,-45.92976379,-23.24737167,597.31,0,0,0,0,0,0,0,0,
5.588008,-0.26,-0.03,10.01,0.04,-0.00,0.01,41.45,10.76,-23.02,0.06,-0.04,9.76,-0.03,-0.11,0.00,26.56,-31.44,-12.70,-0.41,0.89,-0.05,33.65,953.21,24.06,-5.05,5028.00,33.00,0.00,26.00,16.00,24.00,-45.92976379,-23.24737167,597.31,0,0,0,0,0,0,0,0,
5.621645,-0.17,-0.08,10.03,0.04,0.00,0.01,41.45,10.76,-23.02,0.06,-0.06,9.63,-0.03,-0.11,0.00,27.03,-31.15,-11.72,-0.41,0.89,-0.05,33.65,953.21,24.06,-5.05,5040.00,33.00,0.00,28.00,14.00,22.00,-45.92976379,-23.24737167,597.31,0,0,0,0,0,0,0,0,
5.655260,-0.14,-0.10,9.85,0.04,0.00,0.01,41.45,10.76,-23.02,-0.01,0.06,9.61,-0.03,-0.11,0.00,27.03,-31.67,-12.06,-0.41,0.89,-0.05,33.65,953.21,24.06,-5.05,5037.00,33.00,0.00,26.00,16.00,22.00,-45.92976379,-23.24737167,597.31,0,0,0,0,0,0,0,0,
5.689054,-0.13,-0.03,10.05,0.04,0.01,0.01,41.45,10.76,-23.02,0.06,-0.08,9.68,-0.03,-0.11,0.01,27.43,-31.44,-11.37,-0.41,0.89,-0.05,33.65,953.21,24.06,0.00,5037.00,33.00,0.00,26.00,16.00,24.00,-45.92976379,-23.24737167,597.31,0,0,0,0,0,0,0,0,
5.721256,-0.20,-0.04,10.03,0.04,-0.00,0.01,41.45,10.76,-23.02,0.01,-0.06,9.67,-0.02,-0.11,0.01,26.97,-31.55,-12.06,-0.41,0.89,-0.05,33.65,953.21,24.06,0.00,5034.00,33.00,0.00,28.00,20.00,24.00,-45.92976379,-23.24737167,597.36,0,0,0,0,0,0,0,0,
5.754882,-0.18,-0.07,9.97,0.04,-0.00,0.01,41.45,10.76,-23.02,0.05,-0.03,9.68,-0.04,-0.11,0.01,27.14,-30.68,-12.06,-0.41,0.89,-0.06,33.65,953.21,24.06,-5.05,5034.00,33.00,0.00,28.00,18.00,26.00,-45.92976379,-23.24737167,597.36,0,0,0,0,0,0,0,0,
5.788562,-0.21,-0.12,9.93,0.04,0.00,0.02,41.45,10.76,-23.02,0.05,-0.03,9.69,-0.03,-0.11,0.01,27.20,-31.20,-12.06,-0.41,0.89,-0.06,33.65,953.21,24.06,-5.05,5037.00,33.00,0.00,32.00,16.00,28.00,-45.92976379,-23.24737167,597.36,0,0,0,0,0,0,0,0,
5.822348,-0.12,-0.11,9.96,0.04,0.00,0.01,41.45,10.76,-23.02,0.03,-0.11,9.68,-0.03,-0.11,0.00,27.20,-31.26,-12.30,-0.41,0.89,-0.06,33.65,953.21,24.06,-5.05,5037.00,33.00,0.00,30.00,16.00,26.00,-45.92976379,-23.24737167,597.36,0,0,0,0,0,0,0,0,
5.855918,-0.26,-0.08,10.05,0.04,-0.00,0.01,41.45,10.76,-23.02,0.01,-0.08,9.62,-0.02,-0.11,0.00,27.43,-31.09,-11.43,-0.41,0.89,-0.06,33.65,953.21,24.06,-5.05,5037.00,33.00,0.00,30.00,16.00,24.00,-45.92976379,-23.24737167,597.36,0,0,0,0,0,0,0,0,
5.889537,-0.23,-0.11,9.96,0.04,-0.00,0.01,41.45,10.76,-23.02,0.06,-0.04,9.71,-0.03,-0.12,0.01,27.26,-31.84,-12.01,-0.41,0.89,-0.06,33.65,953.21,24.06,-5.05,5037.00,33.00,0.00,28.00,18.00,20.00,-45.92976379,-23.24737167,597.36,0,0,0,0,0,0,0,0,
5.923661,-0.21,-0.09,10.05,0.04,-0.00,0.01,40.92,11.29,-23.87,0.01,-0.06,9.72,-0.03,-0.12,0.00,27.09,-31.20,-11.77,-0.41,0.89,-0.06,33.65,953.21,24.06,0.00,5031.00,33.00,0.00,28.00,18.00,18.00,-45.92976379,-23.24737167,597.36,0,0,0,0,0,0,0,0,
5.955502,-0.14,-0.06,9.98,0.04,0.00,0.01,40.92,11.29,-23.87,-0.01,-0.02,9.68,-0.03,-0.11,0.00,26.68,-31.32,-12.70,-0.40,0.89,-0.06,33.65,953.21,24.06,0.00,5028.00,33.00,0.00,28.00,20.00,20.00,-45.92976379,-23.24737167,597.36,0,0,0,0,0,0,0,0,
5.989149,-0.18,-0.15,9.96,0.04,-0.00,0.02,40.92,11.29,-23.87,0.04,-0.09,9.63,-0.03,-0.11,0.00,27.09,-31.26,-11.83,-0.40,0.89,-0.06,33.65,953.21,24.06,0.00,5028.00,33.00,0.00,28.00,20.00,24.00,-45.92976379,-23.24737167,597.36,0,0,0,0,0,0,0,0,
6.022923,-0.29,-0.07,9.93,0.04,0.00,0.02,40.92,11.29,-23.87,0.06,-0.09,9.63,-0.03,-0.11,0.00,27.43,-31.44,-12.06,-0.40,0.89,-0.06,33.65,953.21,24.06,0.00,5031.00,33.00,0.00,28.00,20.00,24.00,-45.92976379,-23.24737167,597.36,0,0,0,0,0,0,0,0,
6.056474,-0.21,-0.08,10.06,0.04,-0.00,0.01,40.92,11.29,-23.87,0.02,-0.09,9.69,-0.03,-0.12,0.01,27.49,-31.61,-12.47,-0.40,0.89,-0.06,33.65,953.21,24.06,-5.05,5037.00,33.00,0.00,30.00,18.00,24.00,-45.92976379,-23.24737167,597.36,0,0,0,0,0,0,0,0,
6.090347,-0.11,-0.05,10.09,0.04,-0.00,0.01,40.92,11.29,-23.87,0.02,-0.04,9.71,-0.03,-0.11,0.01,27.09,-31.61,-11.89,-0.40,0.89,-0.06,33.65,953.21,24.06,-5.05,5037.00,33.00,0.00,30.00,16.00,24.00,-45.92976379,-23.24737167,597.36,0,0,0,0,0,0,0,0,
6.123966,-0.19,-0.11,10.01,0.04,0.00,0.01,40.92,11.29,-23.87,0.04,-0.05,9.68,-0.03,-0.11,0.01,26.91,-32.13,-12.18,-0.40,0.89,-0.06,33.65,953.21,24.06,-5.05,5037.00,33.00,0.00,26.00,20.00,24.00,-45.92976379,-23.24737167,597.36,0,0,0,0,0,0,0,0,
6.157527,-0.13,-0.08,9.97,0.04,0.00,0.01,40.92,11.29,-23.87,0.07,-0.06,9.70,-0.03,-0.11,0.00,26.97,-31.03,-11.66,-0.40,0.89,-0.06,33.65,953.21,24.06,-5.05,5031.00,33.00,0.00,24.00,20.00,26.00,-45.92976379,-23.24737358,597.50,0,0,0,0,0,0,0,0,
6.191242,-0.17,-0.07,10.03,0.04,-0.00,0.01,40.92,11.29,-23.87,0.01,-0.04,9.69,-0.03,-0.11,0.00,26.68,-32.07,-11.43,-0.41,0.89,-0.06,33.65,953.21,24.06,-5.05,5031.00,33.00,0.00,24.00,24.00,24.00,-45.92976379,-23.24737358,597.50,0,0,0,0,0,0,0,0,
6.224899,-0.16,-0.07,9.96,0.04,0.00,0.01,40.92,11.29,-23.87,0.04,-0.04,9.71,-0.03,-0.11,0.00,26.68,-31.26,-11.66,-0.41,0.89,-0.06,33.65,953.21,24.06,-5.05,5031.00,33.00,0.00,28.00,20.00,24.00,-45.92976379,-23.24737358,597.50,0,0,0,0,0,0,0,0,
6.258471,-0.10,-0.12,9.93,0.04,-0.00,0.01,40.92,11.29,-23.87,0.04,-0.02,9.61,-0.03,-0.11,0.01,27.67,-31.20,-11.95,-0.41,0.89,-0.07,33.65,953.21,24.06,0.00,5037.00,33.00,0.00,28.00,22.00,24.00,-45.92976379,-23.24737358,597.50,0,0,0,0,0,0,0,0,
6.290611,-0.07,-0.08,10.13,0.04,-0.00,0.01,40.92,11.29,-23.87,0.03,-0.04,9.63,-0.03,-0.11,0.01,27.09,-31.90,-11.77,-0.40,0.89,-0.07,33.65,953.21,24.06,0.00,5037.00,33.00,0.00,32.00,20.00,24.00,-45.92976379,-23.24737358,597.50,0,0,0,0,0,0,0,0,
6.324430,-0.15,-0.09,10.02,0.04,0.00,0.01,40.92,11.29,-23.87,-0.01,-0.04,9.73,-0.03,-0.11,0.01,27.09,-31.96,-11.19,-0.40,0.89,-0.07,33.65,953.21,24.06,-5.05,5037.00,33.00,0.00,28.00,22.00,24.00,-45.92976379,-23.24737358,597.50,0,0,0,0,0,0,0,0,
6.358692,-0.13,-0.03,9.98,0.04,-0.00,0.01,40.92,11.29,-23.87,0.05,-0.04,9.66,-0.03,-0.11,0.00,27.90,-32.19,-11.08,-0.40,0.89,-0.07,33.65,953.21,24.06,-5.05,5034.00,33.00,0.00,28.00,22.00,24.00,-45.92976379,-23.24737358,597.50,0,0,0,0,0,0,0,0,
6.390763,-0.07,-0.03,9.92,0.03,0.00,0.01,40.92,11.29,-23.87,0.04,-0.03,9.60,-0.02,-0.11,0.00,26.80,-31.55,-11.48,-0.40,0.89,-0.07,33.65,953.21,24.06,-5.05,5037.00,33.00,0.00,26.00,24.00,24.00,-45.92976379,-23.24737358,597.50,0,0,0,0,0,0,0,0,
6.423955,-0.21,-0.01,9.84,0.04,-0.00,0.02,40.92,11.29,-23.87,0.04,-0.01,9.76,-0.03,-0.11,0.01,27.14,-31.84,-11.19,-0.40,0.89,-0.06,33.65,953.21,24.06,-5.05,5031.00,33.00,0.00,30.00,22.00,24.00,-45.92976379,-23.24737358,597.50,0,0,0,0,0,0,0,0,
6.457513,-0.13,-0.04,10.03,0.04,0.00,0.01,40.92,11.29,-23.87,0.08,-0.05,9.71,-0.03,-0.10,0.01,27.61,-31.84,-11.43,-0.40,0.90,-0.06,33.65,953.21,24.06,0.00,5031.00,33.00,0.00,30.00,20.00,24.00,-45.92976379,-23.24737358,597.50,0,0,0,0,0,0,0,0,
6.491210,-0.15,-0.07,10.13,0.04,0.00,0.01,40.92,11.29,-23.87,0.05,-0.03,9.59,-0.03,-0.11,0.00,27.67,-31.78,-12.41,-0.40,0.90,-0.06,33.65,953.21,24.06,-5.05,5028.00,33.00,0.00,30.00,16.00,22.00,-45.92976379,-23.24737358,597.50,0,0,0,0,0,0,0,0,
6.524922,-0.11,-0.06,9.89,0.04,0.00,0.02,40.92,11.29,-23.87,0.11,-0.06,9.68,-0.03,-0.11,0.00,27.14,-31.90,-12.06,-0.40,0.89,-0.06,33.65,953.21,24.06,-5.05,5034.00,33.00,0.00,26.00,18.00,24.00,-45.92976379,-23.24737358,597.50,0,0,0,0,0,0,0,0,
6.559532,-0.15,-0.06,9.98,0.04,0.00,0.02,42.50,11.82,-22.34,0.08,-0.08,9.65,-0.03,-0.12,0.00,26.56,-32.13,-11.83,-0.40,0.89,-0.06,33.62,953.23,24.06,-9.26,5031.00,33.00,0.00,24.00,18.00,24.00,-45.92976379,-23.24737358,597.50,0,0,0,0,0,0,0,0,
6.592493,-0.16,0.04,9.95,0.04,-0.00,0.01,42.50,11.82,-22.34,0.05,-0.00,9.71,-0.03,-0.10,0.01,27.43,-31.55,-11.66,-0.39,0.89,-0.06,33.62,953.23,24.06,-9.26,5031.00,33.00,0.00,24.00,18.00,24.00,-45.92976379,-23.24737549,597.51,0,0,0,0,0,0,0,0,
6.625346,-0.16,-0.11,9.94,0.04,0.00,0.01,42.50,11.82,-22.34,0.04,-0.07,9.68,-0.03,-0.11,0.01,27.03,-31.78,-11.37,-0.39,0.89,-0.07,33.62,953.23,24.06,-9.26,5022.00,33.00,0.00,24.00,20.00,26.00,-45.92976379,-23.24737549,597.51,0,0,0,0,0,0,0,0,
6.659772,-0.18,-0.07,10.06,0.03,0.00,0.01,40.74,10.76,-23.36,0.05,-0.02,9.69,-0.03,-0.11,0.00,27.20,-31.38,-11.95,-0.40,0.89,-0.07,33.62,953.23,24.06,0.00,5022.00,33.00,0.00,26.00,20.00,26.00,-45.92976379,-23.24737549,597.51,0,0,0,0,0,0,0,0,
6.692368,-0.12,-0.09,9.91,0.04,0.00,0.01,40.74,10.76,-23.36,0.04,-0.04,9.65,-0.03,-0.11,0.00,27.43,-32.07,-11.72,-0.40,0.89,-0.07,33.62,953.23,24.06,-5.05,5013.00,33.00,0.00,26.00,24.00,26.00,-45.92976379,-23.24737549,597.51,0,0,0,0,0,0,0,0,
6.725907,-0.13,-0.15,10.03,0.04,0.00,0.01,40.74,10.76,-23.36,0.04,-0.03,9.67,-0.03,-0.11,0.01,27.38,-31.73,-12.06,-0.39,0.89,-0.07,33.62,953.23,24.06,0.00,5019.00,33.00,0.00,28.00,22.00,22.00,-45.92976379,-23.24737549,597.51,0,0,0,0,0,0,0,0,
6.759530,-0.13,-0.06,9.97,0.04,0.00,0.02,40.74,10.76,-23.36,0.05,-0.03,9.71,-0.03,-0.11,0.01,27.03,-31.49,-11.83,-0.39,0.89,-0.07,33.62,953.23,24.06,-9.26,5022.00,33.00,0.00,30.00,22.00,20.00,-45.92976379,-23.24737549,597.51,0,0,0,0,0,0,0,0,
6.793211,-0.24,0.03,10.12,0.04,-0.00,0.01,40.74,10.76,-23.36,0.01,0.02,9.66,-0.03,-0.11,0.00,27.49,-31.61,-11.54,-0.39,0.89,-0.07,33.62,953.23,24.06,-9.26,5031.00,33.00,0.00,28.00,18.00,18.00,-45.92976379,-23.24737549,597.51,0,0,0,0,0,0,0,0,
6.826845,-0.22,-0.05,9.95,0.04,0.01,0.01,40.74,10.76,-23.36,-0.01,-0.06,9.75,-0.03,-0.12,0.01,27.09,-31.44,-11.31,-0.39,0.89,-0.07,33.62,953.23,24.06,-5.05,5037.00,33.00,0.00,28.00,16.00,20.00,-45.92976379,-23.24737549,597.51,0,0,0,0,0,0,0,0,
6.860522,-0.21,-0.08,9.93,0.04,0.00,0.02,40.74,10.76,-23.36,0.01,-0.04,9.56,-0.03,-0.11,0.01,27.26,-32.07,-11.72,-0.40,0.90,-0.06,33.62,953.23,24.06,0.00,5037.00,33.00,0.00,26.00,16.00,20.00,-45.92976379,-23.24737549,597.51,0,0,0,0,0,0,0,0,
6.893201,-0.20,-0.05,10.05,0.04,0.00,0.01,40.74,10.76,-23.36,0.06,-0.11,9.68,-0.03,-0.11,0.01,26.80,-31.61,-11.48,-0.40,0.89,-0.06,33.62,953.23,24.06,-5.05,5040.00,33.00,0.00,28.00,20.00,20.00,-45.92976379,-23.24737549,597.57,0,0,0,0,0,0,0,0,
6.926861,-0.20,-0.15,10.10,0.04,0.00,0.01,39.33,10.05,-23.02,0.03,-0.06,9.68,-0.03,-0.11,0.01,26.97,-31.26,-11.54,-0.40,0.89,-0.07,33.62,953.23,24.06,-5.05,5037.00,33.00,0.00,26.00,20.00,20.00,-45.92976379,-23.24737549,597.57,0,0,0,0,0,0,0,0,
6.960512,-0.20,-0.09,9.96,0.04,0.01,0.01,39.33,10.05,-23.02,0.04,-0.04,9.69,-0.03,-0.11,0.01,26.91,-32.07,-11.77,-0.40,0.90,-0.07,33.62,953.23,24.06,-5.05,5040.00,33.00,0.00,28.00,22.00,22.00,-45.92976379,-23.24737549,597.57,0,0,0,0,0,0,0,0,
6.994298,-0.12,-0.08,9.99,0.04,-0.00,0.02,39.33,10.05,-23.02,0.08,-0.05,9.63,-0.03,-0.10,0.00,27.78,-32.07,-12.12,-0.40,0.90,-0.07,33.62,953.23,24.06,-5.05,5040.00,33.00,0.00,26.00,20.00,24.00,-45.92976379,-23.24737549,597.57,0,0,0,0,0,0,0,0,
7.027854,-0.10,-0.08,9.84,0.04,0.00,0.01,39.33,10.05,-23.02,0.04,-0.04,9.64,-0.03,-0.11,0.01,27.84,-32.13,-11.89,-0.40,0.90,-0.07,33.62,953.23,24.06,-5.05,5040.00,33.00,0.00,28.00,20.00,24.00,-45.92976379,-23.24737549,597.57,0,0,0,0,0,0,0,0,
7.061489,-0.16,-0.08,10.00,0.04,0.00,0.01,39.33,10.41,-22.00,0.02,-0.04,9.71,-0.03,-0.11,0.01,27.14,-31.73,-10.96,-0.40,0.90,-0.07,33.62,953.23,24.06,-5.05,5037.00,33.00,0.00,28.00,18.00,24.00,-45.92976379,-23.24737549,597.57,0,0,0,0,0,0,0,0,
7.094104,-0.14,-0.11,9.95,0.04,0.00,0.02,39.33,10.41,-22.00,0.04,-0.05,9.70,-0.03,-0.10,0.01,26.74,-31.96,-11.14,-0.40,0.90,-0.07,33.62,953.23,24.06,-5.05,5031.00,33.00,0.00,28.00,18.00,22.00,-45.92976379,-23.24737549,597.57,0,0,0,0,0,0,0,0,
7.127439,-0.13,-0.08,9.98,0.04,0.00,0.01,39.33,10.41,-22.00,0.01,-0.04,9.66,-0.03,-0.10,0.01,27.43,-31.32,-12.24,-0.40,0.90,-0.06,33.62,953.23,24.06,-5.05,5028.00,33.00,0.00,28.00,18.00,22.00,-45.92976379,-23.24737549,597.57,0,0,0,0,0,0,0,0,
7.161102,-0.15,-0.07,10.07,0.04,-0.00,0.01,41.45,10.76,-22.34,0.04,-0.06,9.66,-0.03,-0.11,0.00,27.09,-32.60,-11.83,-0.39,0.90,-0.06,33.62,953.23,24.06,-5.05,5028.00,33.00,0.00,32.00,18.00,20.00,-45.92976379,-23.24737549,597.57,0,0,0,0,0,0,0,0,
7.194830,-0.16,-0.07,9.84,0.04,0.00,0.01,41.45,10.76,-22.34,0.04,-0.03,9.65,-0.03,-0.12,0.01,26.74,-31.84,-11.66,-0.39,0.89,-0.07,33.62,953.23,24.06,-5.05,5034.00,33.00,0.00,32.00,18.00,24.00,-45.92976379,-23.24737549,597.57,0,0,0,0,0,0,0,0,
7.228382,-0.15,-0.15,10.07,0.04,0.00,0.01,41.45,10.76,-22.34,0.04,-0.03,9.68,-0.03,-0.11,0.00,27.78,-32.07,-11.77,-0.39,0.89,-0.07,33.62,953.23,24.06,-5.05,5037.00,33.00,0.00,30.00,16.00,24.00,-45.92976379,-23.24737549,597.57,0,0,0,0,0,0,0,0,
7.262172,-0.10,-0.10,9.96,0.04,0.00,0.01,41.45,10.76,-22.34,0.09,-0.04,9.63,-0.03,-0.11,0.01,27.09,-32.13,-11.14,-0.39,0.89,-0.07,33.62,953.23,24.06,-5.05,5034.00,33.00,0.00,28.00,18.00,24.00,-45.92976379,-23.24737549,597.57,0,0,0,0,0,0,0,0,
7.295750,-0.14,-0.13,10.00,0.04,0.00,0.02,41.45,10.76,-22.34,0.08,-0.01,9.64,-0.03,-0.12,0.01,27.20,-32.42,-12.30,-0.39,0.89,-0.07,33.62,953.23,24.06,0.00,5037.00,33.00,0.00,24.00,20.00,22.00,-45.92976379,-23.24737549,597.57,0,0,0,0,0,0,0,0,
7.328301,-0.14,-0.07,10.14,0.04,0.00,0.01,41.45,10.76,-22.34,0.04,-0.04,9.62,-0.03,-0.11,0.00,27.49,-31.84,-12.12,-0.40,0.89,-0.07,33.62,953.23,24.06,-5.05,5037.00,33.00,0.00,24.00,18.00,22.00,-45.92976379,-23.24737549,597.57,0,0,0,0,0,0,0,0,
7.361407,-0.22,-0.02,9.96,0.04,0.00,0.01,41.45,10.76,-22.34,0.04,-0.04,9.74,-0.03,-0.11,0.00,27.20,-32.19,-12.12,-0.40,0.89,-0.07,33.62,953.23,24.06,-5.05,5037.00,33.00,0.00,24.00,16.00,24.00,-45.92976379,-23.24737549,597.61,0,0,0,0,0,0,0,0,
7.395076,-0.11,0.00,10.00,0.04,0.00,0.01,41.45,10.76,-22.34,0.03,-0.06,9.73,-0.03,-0.10,0.01,27.49,-32.83,-12.24,-0.39,0.89,-0.07,33.62,953.23,24.06,-5.05,5037.00,33.00,0.00,26.00,16.00,26.00,-45.92976379,-23.24737549,597.61,0,0,0,0,0,0,0,0,
7.428741,-0.26,-0.08,9.90,0.04,-0.00,0.01,41.45,10.76,-22.34,0.07,-0.05,9.64,-0.02,-0.11,0.01,27.26,-31.61,-11.60,-0.39,0.89,-0.07,33.62,953.23,24.06,-5.05,5037.00,33.00,0.00,28.00,20.00,26.00,-45.92976379,-23.24737549,597.61,0,0,0,0,0,0,0,0,
7.462392,-0.20,-0.05,9.97,0.04,0.00,0.01,41.45,10.76,-22.34,0.05,-0.06,9.71,-0.03,-0.11,0.01,27.84,-31.84,-11.37,-0.39,0.89,-0.07,33.62,953.23,24.06,0.00,5037.00,33.00,0.00,28.00,22.00,24.00,-45.92976379,-23.24737549,597.61,0,0,0,0,0,0,0,0,
7.496034,-0.12,-0.10,9.90,0.04,-0.00,0.01,41.45,10.76,-22.34,0.03,-0.05,9.66,-0.03,-0.11,0.01,27.55,-31.67,-11.25,-0.39,0.89,-0.07,33.62,953.23,24.06,-5.05,5037.00,33.00,0.00,28.00,24.00,20.00,-45.92976379,-23.24737549,597.61,0,0,0,0,0,0,0,0,
7.529905,-0.10,-0.00,9.87,0.04,0.00,0.01,41.45,10.76,-22.34,0.04,-0.02,9.68,-0.03,-0.11,0.01,26.62,-32.13,-12.18,-0.39,0.88,-0.07,33.62,953.23,24.06,-5.05,5037.00,33.00,0.00,30.00,24.00,20.00,-45.92976379,-23.24737549,597.61,0,0,0,0,0,0,0,0,
7.563085,-0.21,-0.05,9.84,0.04,0.00,0.01,41.45,9.70,-22.00,0.07,-0.04,9.68,-0.03,-0.11,0.00,26.56,-31.73,-11.66,-0.40,0.88,-0.07,33.62,953.23,24.06,-5.05,5034.00,33.00,0.00,30.00,22.00,22.00,-45.92976379,-23.24737549,597.61,0,0,0,0,0,0,0,0,
7.595936,-0.11,-0.01,9.94,0.04,0.00,0.02,41.45,9.70,-22.00,0.01,-0.04,9.70,-0.03,-0.11,0.01,27.26,-31.90,-12.12,-0.39,0.88,-0.07,33.62,953.23,24.06,0.00,5034.00,33.00,0.00,30.00,20.00,24.00,-45.92976379,-23.24737740,597.67,0,0,0,0,0,0,0,0,
7.630236,-0.12,-0.08,9.96,0.04,0.00,0.01,41.45,9.70,-22.00,0.04,-0.07,9.70,-0.03,-0.11,0.00,27.90,-31.96,-11.37,-0.39,0.88,-0.07,33.66,953.21,24.06,-5.05,5031.00,33.00,0.00,32.00,20.00,26.00,-45.92976379,-23.24737740,597.67,0,0,0,0,0,0,0,0,
7.663773,-0.08,-0.04,10.05,0.04,0.00,0.01,40.39,9.70,-22.00,0.06,-0.01,9.71,-0.03,-0.11,0.00,27.72,-31.90,-11.83,-0.39,0.88,-0.07,33.66,953.21,24.06,-5.05,5028.00,33.00,0.00,30.00,20.00,24.00,-45.92976379,-23.24737740,597.67,0,0,0,0,0,0,0,0,
7.697450,-0.22,0.03,10.05,0.04,-0.00,0.02,40.39,9.70,-22.00,0.05,0.01,9.67,-0.03,-0.11,0.01,27.26,-32.77,-11.60,-0.40,0.89,-0.07,33.66,953.21,24.06,-5.05,5028.00,33.00,0.00,30.00,20.00,24.00,-45.92976379,-23.24737740,597.67,0,0,0,0,0,0,0,0,
7.729150,-0.14,-0.08,9.86,0.04,-0.00,0.01,40.39,9.70,-22.00,0.02,-0.04,9.73,-0.03,-0.11,0.00,27.38,-32.77,-11.31,-0.40,0.88,-0.07,33.66,953.21,24.06,0.00,5028.00,33.00,0.00,28.00,22.00,24.00,-45.92976379,-23.24737740,597.67,0,0,0,0,0,0,0,0,
7.762888,-0.18,-0.08,9.95,0.04,0.00,0.01,40.39,9.70,-22.00,0.06,-0.11,9.62,-0.03,-0.10,0.00,27.55,-31.90,-11.43,-0.40,0.88,-0.07,33.66,953.21,24.06,0.00,5034.00,33.00,0.00,30.00,18.00,24.00,-45.92976379,-23.24737740,597.67,0,0,0,0,0,0,0,0,
7.795547,-0.12,-0.11,9.92,0.04,-0.00,0.01,40.39,9.70,-22.00,0.03,-0.05,9.66,-0.03,-0.12,0.01,27.09,-32.02,-12.12,-0.40,0.89,-0.07,33.66,953.21,24.06,-5.05,5031.00,33.00,0.00,30.00,20.00,24.00,-45.92976379,-23.24737740,597.67,0,0,0,0,0,0,0,0,
7.829909,-0.14,-0.06,9.98,0.04,0.00,0.01,40.39,9.70,-22.00,0.03,-0.06,9.71,-0.02,-0.11,0.00,27.49,-31.61,-11.48,-0.40,0.89,-0.07,33.66,953.21,24.06,-5.05,5025.00,33.00,0.00,30.00,16.00,22.00,-45.92976379,-23.24737740,597.67,0,0,0,0,0,0,0,0,
7.864299,-0.17,-0.13,10.00,0.04,0.00,0.02,40.39,9.70,-22.00,0.04,-0.08,9.76,-0.03,-0.11,0.01,27.32,-31.55,-11.66,-0.39,0.88,-0.07,33.66,953.21,24.06,-5.05,5022.00,33.00,0.00,24.00,20.00,20.00,-45.92976761,-23.24737740,597.79,0,0,0,0,0,0,0,0,
7.898061,-0.15,-0.09,10.11,0.04,0.00,0.01,40.39,9.70,-22.00,0.01,-0.06,9.63,-0.03,-0.11,0.00,27.20,-32.25,-11.02,-0.39,0.89,-0.07,33.66,953.21,24.06,-5.05,5025.00,33.00,0.00,24.00,16.00,20.00,-45.92976761,-23.24737740,597.79,0,0,0,0,0,0,0,0,
7.929980,-0.18,-0.14,9.98,0.04,-0.00,0.01,40.39,9.70,-22.00,0.03,-0.04,9.67,-0.02,-0.10,0.00,27.14,-31.84,-11.43,-0.39,0.89,-0.07,33.66,953.21,24.06,-5.05,5034.00,33.00,0.00,26.00,18.00,22.00,-45.92976761,-23.24737740,597.79,0,0,0,0,0,0,0,0,
7.963699,-0.13,-0.04,9.96,0.04,0.01,0.01,40.39,9.70,-22.00,0.08,-0.04,9.63,-0.02,-0.11,0.00,26.91,-31.84,-11.66,-0.39,0.89,-0.07,33.66,953.21,24.06,0.00,5037.00,33.00,0.00,26.00,16.00,20.00,-45.92976761,-23.24737740,597.79,0,0,0,0,0,0,0,0,
7.997322,-0.23,-0.11,9.89,0.04,0.00,0.01,40.39,9.70,-22.00,0.04,-0.04,9.76,-0.03,-0.11,0.01,27.72,-32.19,-11.48,-0.39,0.89,-0.07,33.66,953.21,24.06,-5.05,5037.00,33.00,0.00,28.00,16.00,22.00,-45.92976761,-23.24737740,597.79,0,0,0,0,0,0,0,0,
8.031124,-0.16,-0.13,10.07,0.04,0.00,0.01,40.04,10.41,-22.68,0.06,-0.02,9.66,-0.03,-0.11,0.00,27.32,-32.02,-11.25,-0.39,0.89,-0.07,33.66,953.21,24.06,-5.05,5037.00,33.00,0.00,28.00,16.00,22.00,-45.92976761,-23.24737740,597.79,0,0,0,0,0,0,0,0,
8.064783,-0.17,-0.14,10.15,0.04,0.00,0.01,40.04,10.41,-22.68,0.05,-0.04,9.69,-0.03,-0.11,0.01,27.49,-31.90,-11.89,-0.39,0.89,-0.07,33.66,953.21,24.06,0.00,5034.00,44.00,0.00,30.00,16.00,24.00,-45.92976761,-23.24737740,597.79,0,0,0,0,0,0,0,0,
8.097323,-0.09,0.00,9.89,0.04,0.00,0.02,40.04,10.41,-22.68,0.01,-0.00,9.68,-0.03,-0.11,0.01,28.01,-31.61,-11.19,-0.39,0.89,-0.07,33.66,953.21,24.06,-5.05,5031.00,33.00,0.00,30.00,18.00,24.00,-45.92976761,-23.24737930,597.82,0,0,0,0,0,0,0,0,
8.130938,-0.09,-0.05,9.97,0.04,-0.00,0.01,40.04,10.41,-22.68,0.04,-0.09,9.59,-0.03,-0.10,0.00,27.09,-32.07,-11.48,-0.39,0.89,-0.07,33.66,953.21,24.06,4.21,5031.00,33.00,0.00,30.00,20.00,24.00,-45.92976761,-23.24737930,597.82,0,0,0,0,0,0,0,0,
8.164593,-0.19,-0.10,10.06,0.04,0.00,0.01,39.33,10.05,-22.68,0.03,-0.08,9.67,-0.03,-0.10,0.00,27.38,-31.61,-12.47,-0.39,0.88,-0.07,33.66,953.21,24.06,4.21,5037.00,33.00,0.00,30.00,20.00,24.00,-45.92976761,-23.24737930,597.82,0,0,0,0,0,0,0,0,
8.198358,-0.27,-0.12,10.10,0.03,0.00,0.01,39.33,10.05,-22.68,0.03,-0.05,9.64,-0.03,-0.11,0.01,26.91,-31.84,-11.89,-0.38,0.88,-0.07,33.66,953.21,24.06,0.00,5037.00,33.00,0.00,32.00,20.00,24.00,-45.92976761,-23.24737930,597.82,0,0,0,0,0,0,0,0,
8.232099,-0.21,-0.10,9.96,0.04,-0.00,0.02,39.33,10.05,-22.68,0.04,-0.01,9.72,-0.03,-0.11,0.00,27.03,-31.55,-11.37,-0.39,0.88,-0.07,33.66,953.21,24.06,-5.05,5037.00,33.00,0.00,30.00,20.00,24.00,-45.92976761,-23.24737930,597.82,0,0,0,0,0,0,0,0,
8.265624,-0.16,-0.03,10.00,0.04,0.01,0.01,39.33,10.05,-22.68,0.11,-0.02,9.65,-0.03,-0.11,0.00,27.49,-31.96,-11.66,-0.39,0.89,-0.08,33.66,953.21,24.06,-5.05,5037.00,33.00,0.00,28.00,20.00,24.00,-45.92976761,-23.24737930,597.82,0,0,0,0,0,0,0,0,
8.299297,-0.05,-0.03,9.96,0.04,-0.00,0.01,39.33,10.05,-22.68,0.01,-0.04,9.66,-0.03,-0.11,0.01,27.38,-31.20,-11.77,-0.39,0.89,-0.08,33.66,953.21,24.06,-5.05,5037.00,33.00,0.00,26.00,18.00,26.00,-45.92976761,-23.24737930,597.82,0,0,0,0,0,0,0,0,
8.331625,-0.17,-0.02,10.07,0.04,0.00,0.01,39.33,10.05,-22.68,0.09,-0.01,9.66,-0.03,-0.11,0.01,27.61,-31.73,-11.83,-0.39,0.89,-0.08,33.66,953.21,24.06,-5.05,5034.00,33.00,0.00,24.00,16.00,26.00,-45.92976761,-23.24737930,597.87,0,0,0,0,0,0,0,0,
8.365286,-0.14,-0.07,9.99,0.04,0.00,0.01,39.33,10.05,-22.68,0.01,-0.06,9.66,-0.03,-0.11,0.01,27.03,-31.96,-12.01,-0.39,0.89,-0.08,33.66,953.21,24.06,-5.05,5034.00,33.00,0.00,26.00,18.00,24.00,-45.92976761,-23.24737930,597.87,0,0,0,0,0,0,0,0,
8.398993,-0.16,0.07,9.94,0.04,0.00,0.01,39.33,10.05,-22.68,0.04,-0.06,9.69,-0.03,-0.11,0.00,27.72,-31.73,-11.48,-0.39,0.89,-0.08,33.66,953.21,24.06,-5.05,5037.00,33.00,0.00,26.00,20.00,24.00,-45.92976761,-23.24737930,597.87,0,0,0,0,0,0,0,0,
8.432672,-0.22,0.00,10.04,0.04,0.00,0.01,39.33,10.05,-22.68,0.02,-0.03,9.66,-0.03,-0.11,0.00,27.61,-31.26,-11.54,-0.39,0.89,-0.08,33.66,953.21,24.06,0.00,5037.00,33.00,0.00,28.00,24.00,22.00,-45.92976761,-23.24737930,597.87,0,0,0,0,0,0,0,0,
8.466362,-0.20,-0.02,9.94,0.04,0.00,0.01,39.33,10.05,-22.68,0.02,-0.05,9.66,-0.03,-0.11,0.00,27.38,-32.02,-11.95,-0.39,0.89,-0.08,33.66,953.21,24.06,0.00,5037.00,33.00,0.00,26.00,22.00,24.00,-45.92976761,-23.24737930,597.87,0,0,0,0,0,0,0,0,
8.500042,-0.18,-0.03,9.96,0.04,0.00,0.02,39.33,10.05,-22.68,0.04,-0.03,9.69,-0.03,-0.11,0.00,27.03,-32.77,-11.25,-0.39,0.89,-0.08,33.66,953.21,24.06,0.00,5037.00,33.00,0.00,26.00,22.00,24.00,-45.92976761,-23.24737930,597.87,0,0,0,0,0,0,0,0,
8.534006,-0.15,-0.08,9.94,0.04,0.00,0.01,40.74,10.76,-22.34,0.01,-0.06,9.67,-0.03,-0.10,0.01,27.20,-32.42,-11.08,-0.39,0.89,-0.08,33.66,953.21,24.06,-5.05,5037.00,33.00,0.00,28.00,16.00,24.00,-45.92976761,-23.24737930,597.87,0,0,0,0,0,0,0,0,
8.567425,-0.21,-0.14,9.90,0.04,0.00,0.01,40.74,10.76,-22.34,0.06,-0.04,9.70,-0.03,-0.10,0.00,27.55,-32.02,-12.18,-0.39,0.89,-0.08,33.66,953.21,24.06,-5.05,5031.00,33.00,0.00,30.00,16.00,24.00,-45.92976761,-23.24738121,598.00,0,0,0,0,0,0,0,0,
8.601067,-0.18,-0.01,10.13,0.04,0.00,0.01,40.74,10.76,-22.34,0.03,-0.10,9.72,-0.02,-0.10,0.01,27.20,-32.07,-11.48,-0.39,0.89,-0.08,33.66,953.21,24.06,-5.05,5028.00,33.00,0.00,32.00,16.00,24.00,-45.92976761,-23.24738121,598.00,0,0,0,0,0,0,0,0,
8.632826,-0.14,-0.02,9.93,0.04,0.00,0.01,40.74,10.76,-22.34,0.09,-0.01,9.65,-0.03,-0.10,0.01,27.72,-31.67,-11.54,-0.39,0.89,-0.08,33.66,953.21,24.06,-9.26,5031.00,33.00,0.00,32.00,20.00,22.00,-45.92976761,-23.24738121,598.00,0,0,0,0,0,0,0,0,
8.667874,-0.14,-0.11,9.97,0.04,0.00,0.01,39.68,11.82,-23.02,0.06,-0.10,9.66,-0.03,-0.11,0.01,26.56,-31.90,-11.54,-0.39,0.89,-0.08,33.67,953.17,24.06,-9.26,5034.00,33.00,0.00,28.00,24.00,22.00,-45.92976761,-23.24738121,598.00,0,0,0,0,0,0,0,0,
8.699800,-0.23,-0.13,9.95,0.04,0.00,0.01,39.68,11.82,-23.02,0.06,-0.06,9.69,-0.02,-0.11,-0.00,27.72,-32.13,-11.89,-0.39,0.89,-0.08,33.67,953.17,24.06,-9.26,5037.00,33.00,0.00,24.00,24.00,22.00,-45.92976761,-23.24738121,598.00,0,0,0,0,0,0,0,0,
8.734365,-0.17,-0.04,10.05,0.04,-0.00,0.01,39.68,11.82,-23.02,0.02,-0.03,9.71,-0.03,-0.11,0.01,27.43,-31.96,-12.06,-0.39,0.88,-0.08,33.67,953.17,24.06,-5.05,5025.00,33.00,0.00,26.00,24.00,24.00,-45.92976761,-23.24738121,598.00,0,0,0,0,0,0,0,0,
8.766757,-0.09,-0.15,10.02,0.04,0.00,0.01,39.68,11.82,-23.02,0.03,-0.00,9.61,-0.03,-0.11,0.01,27.32,-31.73,-11.66,-0.39,0.88,-0.08,33.67,953.17,24.06,0.00,5031.00,44.00,0.00,30.00,20.00,24.00,-45.92976761,-23.24738121,598.00,0,0,0,0,0,0,0,0,
8.800776,-0.17,-0.04,9.99,0.04,0.00,0.01,40.74,10.05,-21.65,0.01,-0.06,9.68,-0.03,-0.11,0.00,26.74,-31.67,-12.06,-0.39,0.89,-0.08,33.67,953.17,24.06,0.00,5022.00,44.00,0.00,30.00,20.00,22.00,-45.92977142,-23.24738312,598.09,0,0,0,0,0,0,0,0,
8.834365,-0.08,-0.07,9.96,0.04,-0.00,0.01,40.74,10.05,-21.65,0.06,-0.02,9.61,-0.03,-0.11,0.00,26.85,-31.96,-11.77,-0.39,0.88,-0.08,33.67,953.17,24.06,-5.05,5031.00,44.00,0.00,32.00,20.00,24.00,-45.92977142,-23.24738312,598.09,0,0,0,0,0,0,0,0,
8.867984,-0.16,-0.09,9.89,0.04,0.00,0.02,40.74,10.05,-21.65,0.03,-0.02,9.69,-0.03,-0.11,0.01,27.26,-31.44,-12.24,-0.39,0.89,-0.08,33.67,953.17,24.06,-5.05,5028.00,33.00,0.00,28.00,22.00,24.00,-45.92977142,-23.24738312,598.09,0,0,0,0,0,0,0,0,
8.901791,-0.17,-0.07,10.03,0.04,0.00,0.01,40.74,10.05,-21.65,0.07,-0.04,9.71,-0.03,-0.11,0.01,26.97,-32.02,-12.12,-0.39,0.89,-0.08,33.67,953.17,24.06,-5.05,5037.00,44.00,0.00,30.00,22.00,26.00,-45.92977142,-23.24738312,598.09,0,0,0,0,0,0,0,0,
8.935429,-0.14,-0.03,10.05,0.04,0.00,0.01,39.86,9.88,-23.53,0.06,-0.06,9.73,-0.03,-0.11,0.01,26.97,-32.02,-11.89,-0.39,0.89,-0.08,33.67,953.17,24.06,-5.05,5031.00,33.00,0.00,28.00,24.00,24.00,-45.92977142,-23.24738312,598.09,0,0,0,0,0,0,0,0,
8.969101,-0.11,0.01,9.96,0.04,0.01,0.01,39.86,9.88,-23.53,0.01,-0.04,9.73,-0.03,-0.11,0.00,27.49,-32.36,-11.72,-0.39,0.89,-0.08,33.67,953.17,24.06,-5.05,5031.00,44.00,0.00,30.00,20.00,22.00,-45.92977142,-23.24738312,598.09,0,0,0,0,0,0,0,0,
9.001287,-0.09,-0.18,9.87,0.04,-0.00,0.01,39.86,9.88,-23.53,0.02,-0.06,9.68,-0.03,-0.11,0.00,27.20,-32.02,-11.72,-0.39,0.89,-0.08,33.67,953.17,24.06,-5.05,5037.00,33.00,0.00,28.00,20.00,22.00,-45.92977142,-23.24738312,598.09,0,0,0,0,0,0,0,0,
9.035794,-0.18,-0.04,9.92,0.04,-0.00,0.02,40.74,10.05,-23.36,0.06,-0.06,9.63,-0.03,-0.11,0.01,27.43,-31.44,-12.06,-0.40,0.89,-0.08,33.67,953.17,24.06,0.00,5037.00,33.00,0.00,28.00,20.00,24.00,-45.92977142,-23.24738312,598.09,0,0,0,0,0,0,0,0,
9.069088,-0.06,-0.12,9.98,0.04,0.00,0.01,40.74,10.05,-23.36,0.06,-0.06,9.73,-0.03,-0.11,0.00,27.49,-32.19,-12.47,-0.40,0.89,-0.08,33.67,953.17,24.06,0.00,5034.00,33.00,0.00,26.00,22.00,24.00,-45.92977142,-23.24738312,598.09,0,0,0,0,0,0,0,0,
9.102666,-0.15,-0.09,9.96,0.04,0.00,0.01,40.74,10.05,-23.36,0.04,-0.04,9.63,-0.03,-0.11,0.00,27.32,-32.02,-11.83,-0.39,0.89,-0.08,33.67,953.17,24.06,-5.05,5028.00,33.00,0.00,26.00,22.00,22.00,-45.92977142,-23.24738312,598.09,0,0,0,0,0,0,0,0,
9.136403,-0.18,-0.06,9.98,0.04,-0.00,0.01,40.74,10.05,-23.36,0.04,-0.03,9.72,-0.03,-0.11,0.00,27.14,-31.67,-11.54,-0.39,0.89,-0.08,33.67,953.17,24.06,-5.05,5034.00,33.00,0.00,26.00,20.00,20.00,-45.92977142,-23.24738312,598.09,0,0,0,0,0,0,0,0,
9.170108,-0.18,-0.15,10.05,0.04,0.01,0.01,41.62,10.23,-22.85,0.03,-0.03,9.67,-0.03,-0.10,0.01,27.32,-31.38,-11.95,-0.39,0.90,-0.08,33.67,953.17,24.06,0.00,5037.00,33.00,0.00,28.00,22.00,24.00,-45.92977142,-23.24738312,598.09,0,0,0,0,0,0,0,0,
9.201762,-0.15,-0.12,10.14,0.04,0.00,0.01,41.62,10.23,-22.85,0.02,-0.12,9.66,-0.03,-0.10,0.00,26.68,-31.15,-11.77,-0.39,0.89,-0.08,33.67,953.17,24.06,-5.05,5037.00,33.00,0.00,26.00,22.00,24.00,-45.92977142,-23.24738312,598.09,0,0,0,0,0,0,0,0,
9.235435,-0.14,-0.06,10.14,0.04,-0.00,0.01,41.62,10.23,-22.85,0.05,-0.01,9.69,-0.03,-0.10,0.00,27.43,-31.38,-11.37,-0.39,0.89,-0.08,33.67,953.17,24.06,-5.05,5040.00,33.00,0.00,26.00,22.00,24.00,-45.92977142,-23.24738312,598.09,0,0,0,0,0,0,0,0,
9.269652,-0.07,0.01,10.08,0.04,0.00,0.01,41.62,10.23,-22.85,0.04,-0.04,9.66,-0.03,-0.11,0.01,28.19,-31.09,-11.77,-0.38,0.89,-0.08,33.67,953.17,24.06,-5.05,5040.00,33.00,0.00,26.00,20.00,22.00,-45.92977524,-23.24738693,598.14,0,0,0,0,0,0,0,0,
9.303254,-0.13,-0.07,10.04,0.04,0.00,0.01,41.62,10.23,-22.85,0.05,-0.07,9.68,-0.03,-0.11,0.00,27.32,-31.15,-12.47,-0.38,0.90,-0.08,33.67,953.17,24.06,0.00,5037.00,33.00,0.00,30.00,18.00,22.00,-45.92977524,-23.24738693,598.14,0,0,0,0,0,0,0,0,
9.336962,-0.13,-0.08,9.90,0.04,0.00,0.02,41.62,10.23,-22.85,0.02,-0.06,9.66,-0.02,-0.11,0.01,27.55,-31.49,-11.77,-0.38,0.90,-0.08,33.67,953.17,24.06,-5.05,5037.00,33.00,0.00,30.00,18.00,24.00,-45.92977524,-23.24738693,598.14,0,0,0,0,0,0,0,0,
9.370628,-0.13,-0.01,9.84,0.04,0.00,0.01,41.62,10.23,-22.85,0.04,-0.01,9.66,-0.03,-0.11,0.00,27.55,-31.61,-11.54,-0.38,0.90,-0.08,33.67,953.17,24.06,-5.05,5037.00,33.00,0.00,32.00,20.00,24.00,-45.92977524,-23.24738693,598.14,0,0,0,0,0,0,0,0,
9.404303,-0.23,-0.11,10.15,0.04,0.00,0.01,41.62,10.23,-22.85,0.03,-0.15,9.80,-0.03,-0.11,0.00,27.26,-31.96,-11.66,-0.38,0.90,-0.08,33.67,953.17,24.06,-5.05,5037.00,33.00,0.00,30.00,20.00,26.00,-45.92977524,-23.24738693,598.14,0,0,0,0,0,0,0,0,
9.435977,-0.24,-0.10,9.99,0.04,0.00,0.01,41.62,10.23,-22.85,-0.00,-0.03,9.72,-0.03,-0.11,0.01,27.49,-32.07,-11.72,-0.38,0.90,-0.08,33.67,953.17,24.06,-5.05,5037.00,33.00,0.00,30.00,20.00,24.00,-45.92977524,-23.24738693,598.14,0,0,0,0,0,0,0,0,
9.470337,-0.13,0.00,9.98,0.04,0.00,0.01,41.62,10.23,-22.85,0.04,-0.02,9.66,-0.03,-0.11,0.00,27.72,-32.60,-11.66,-0.37,0.90,-0.08,33.67,953.17,24.06,0.00,5034.00,33.00,0.00,30.00,18.00,24.00,-45.92977524,-23.24738693,598.14,0,0,0,0,0,0,0,0,
9.504698,-0.22,0.01,9.99,0.04,0.00,0.01,41.62,10.23,-22.85,0.03,-0.01,9.76,-0.03,-0.10,0.00,27.72,-31.90,-11.48,-0.37,0.90,-0.08,33.67,953.17,24.06,-5.05,5037.00,33.00,0.00,30.00,20.00,24.00,-45.92977524,-23.24738693,598.14,0,0,0,0,0,0,0,0,
9.537736,-0.16,-0.04,10.06,0.04,0.00,0.01,41.62,10.23,-22.85,-0.00,-0.03,9.72,-0.03,-0.11,0.00,27.55,-32.42,-11.60,-0.37,0.90,-0.08,33.67,953.17,24.06,-5.05,5031.00,33.00,0.00,28.00,20.00,24.00,-45.92977524,-23.24738693,598.14,0,0,0,0,0,0,0,0,
9.571585,-0.22,-0.08,10.06,0.04,0.00,0.02,41.62,10.23,-22.85,0.05,-0.08,9.76,-0.03,-0.10,0.01,26.80,-32.36,-12.35,-0.37,0.90,-0.08,33.67,953.17,24.06,-5.05,5031.00,33.00,0.00,28.00,18.00,24.00,-45.92977524,-23.24738693,598.14,0,0,0,0,0,0,0,0,
9.605241,-0.12,-0.18,10.11,0.04,-0.00,0.01,41.62,10.23,-22.85,0.02,-0.04,9.68,-0.03,-0.11,0.01,27.49,-32.19,-12.59,-0.38,0.90,-0.08,33.67,953.17,24.06,-5.05,5037.00,33.00,0.00,28.00,18.00,24.00,-45.92977524,-23.24738693,598.14,0,0,0,0,0,0,0,0,
9.637057,-0.16,-0.04,10.01,0.04,-0.00,0.01,41.62,10.23,-22.85,0.05,-0.04,9.65,-0.03,-0.11,0.01,26.74,-32.42,-11.83,-0.38,0.90,-0.08,33.67,953.17,24.06,-5.05,5034.00,33.00,0.00,30.00,20.00,22.00,-45.92977524,-23.24738693,598.14,0,0,0,0,0,0,0,0,
9.670763,-0.12,-0.03,9.99,0.04,-0.01,0.01,41.62,10.23,-22.85,0.06,-0.07,9.67,-0.02,-0.11,0.00,27.09,-31.78,-11.54,-0.38,0.89,-0.08,33.67,953.17,24.06,-5.05,5037.00,33.00,0.00,28.00,22.00,22.00,-45.92977524,-23.24738693,598.14,0,0,0,0,0,0,0,0,
9.704447,-0.17,-0.12,9.83,0.04,0.00,0.01,41.62,10.23,-22.85,0.06,-0.06,9.68,-0.03,-0.11,0.01,27.26,-32.07,-11.31,-0.38,0.90,-0.08,33.67,953.17,24.06,-5.05,5037.00,33.00,0.00,28.00,22.00,24.00,-45.92977524,-23.24738693,598.14,0,0,0,0,0,0,0,0,
9.736734,-0.16,-0.03,10.01,0.04,-0.00,0.02,41.62,10.23,-22.85,0.08,-0.03,9.60,-0.03,-0.10,0.01,27.26,-31.73,-12.18,-0.38,0.90,-0.08,33.70,953.22,24.06,-5.05,5040.00,33.00,0.00,30.00,22.00,24.00,-45.92977524,-23.24738693,598.16,0,0,0,0,0,0,0,0,
9.771104,-0.16,-0.03,9.94,0.05,0.00,0.01,41.62,10.23,-22.85,-0.01,-0.03,9.66,-0.03,-0.11,0.00,27.55,-32.19,-10.96,-0.38,0.90,-0.08,33.70,953.22,24.06,-5.05,5028.00,33.00,0.00,32.00,20.00,24.00,-45.92977524,-23.24738693,598.16,0,0,0,0,0,0,0,0,
9.804487,-0.20,-0.03,9.96,0.04,0.01,0.01,41.98,9.88,-21.83,0.04,-0.08,9.71,-0.03,-0.11,0.01,27.26,-32.83,-11.95,-0.38,0.89,-0.08,33.70,953.22,24.06,0.00,5025.00,33.00,0.00,30.00,16.00,26.00,-45.92977524,-23.24738693,598.16,0,0,0,0,0,0,0,0,
9.838162,-0.06,0.02,10.07,0.04,-0.00,0.02,41.98,9.88,-21.83,0.04,-0.06,9.65,-0.03,-0.11,0.00,27.43,-32.31,-11.72,-0.38,0.89,-0.07,33.70,953.22,24.06,-9.26,5022.00,33.00,0.00,30.00,16.00,26.00,-45.92977524,-23.24738693,598.16,0,0,0,0,0,0,0,0,
9.871948,-0.21,-0.09,9.95,0.04,0.00,0.01,41.98,9.88,-21.83,0.06,-0.05,9.64,-0.03,-0.11,0.00,26.85,-32.02,-11.77,-0.38,0.89,-0.08,33.70,953.22,24.06,-9.26,5034.00,33.00,0.00,32.00,22.00,24.00,-45.92977524,-23.24738693,598.16,0,0,0,0,0,0,0,0,
9.905543,-0.13,-0.11,10.03,0.04,0.00,0.01,39.51,11.64,-21.83,0.09,-0.11,9.63,-0.03,-0.12,0.00,27.03,-32.77,-11.60,-0.38,0.89,-0.08,33.70,953.22,24.06,-9.26,5037.00,33.00,0.00,32.00,24.00,24.00,-45.92977524,-23.24738693,598.16,0,0,0,0,0,0,0,0,
9.938179,-0.16,-0.08,9.93,0.04,0.00,0.02,39.51,11.64,-21.83,0.04,-0.04,9.72,-0.02,-0.11,0.00,26.97,-32.02,-12.24,-0.38,0.89,-0.07,33.70,953.22,24.06,0.00,5031.00,33.00,0.00,30.00,24.00,24.00,-45.92977524,-23.24738693,598.16,0,0,0,0,0,0,0,0,
9.972803,-0.11,-0.12,10.00,0.04,0.00,0.01,39.51,11.64,-21.83,0.04,-0.05,9.61,-0.03,-0.11,0.00,27.03,-31.44,-11.19,-0.38,0.89,-0.07,33.70,953.22,24.06,-5.05,5028.00,33.00,0.00,26.00,20.00,26.00,-45.92977524,-23.24738693,598.16,0,0,0,0,0,0,0,0,
10.005614,-0.09,-0.08,9.99,0.04,0.00,0.01,39.51,11.64,-21.83,0.03,-0.05,9.68,-0.03,-0.10,0.01,26.85,-31.44,-11.66,-0.38,0.89,-0.08,33.70,953.22,24.06,0.00,5031.00,33.00,0.00,26.00,20.00,24.00,-45.92977905,-23.24739075,598.29,0,0,0,0,0,0,0,0,
10.039265,-0.20,-0.12,9.95,0.04,-0.00,0.01,39.51,11.64,-21.83,0.04,-0.07,9.78,-0.03,-0.11,0.00,27.67,-32.02,-12.30,-0.39,0.89,-0.07,33.70,953.22,24.06,-5.05,5034.00,33.00,0.00,28.00,20.00,24.00,-45.92977905,-23.24739075,598.29,0,0,0,0,0,0,0,0,
10.073075,-0.23,-0.01,10.08,0.04,0.00,0.01,39.51,11.64,-21.83,0.06,-0.04,9.66,-0.03,-0.12,0.00,27.43,-32.36,-11.37,-0.39,0.89,-0.08,33.70,953.22,24.06,-5.05,5037.00,33.00,0.00,28.00,24.00,22.00,-45.92977905,-23.24739075,598.29,0,0,0,0,0,0,0,0,
10.106635,-0.13,-0.00,9.87,0.04,-0.00,0.01,39.51,11.64,-21.83,0.04,-0.04,9.65,-0.03,-0.11,0.00,27.43,-32.25,-11.72,-0.39,0.88,-0.07,33.70,953.22,24.06,-5.05,5034.00,33.00,0.00,24.00,24.00,24.00,-45.92977905,-23.24739075,598.29,0,0,0,0,0,0,0,0,
10.140418,-0.15,-0.11,9.91,0.04,0.01,0.01,39.51,11.64,-21.83,0.07,-0.07,9.68,-0.03,-0.11,0.00,26.62,-31.73,-12.01,-0.39,0.89,-0.07,33.70,953.22,24.06,0.00,5034.00,33.00,0.00,24.00,24.00,20.00,-45.92977905,-23.24739075,598.29,0,0,0,0,0,0,0,0,
10.178069,-0.15,-0.08,10.05,0.04,0.00,0.01,39.51,11.64,-21.83,0.04,-0.04,9.74,-0.03,-0.10,0.01,27.55,-31.84,-11.66,-0.39,0.89,-0.07,33.70,953.22,24.06,0.00,5034.00,33.00,0.00,28.00,24.00,24.00,-45.92977905,-23.24739075,598.29,0,0,0,0,0,0,0,0,
10.210114,-0.17,-0.08,10.03,0.04,0.00,0.01,39.51,11.64,-21.83,0.05,0.01,9.68,-0.02,-0.11,0.01,27.03,-31.09,-12.18,-0.39,0.89,-0.08,33.70,953.22,24.06,0.00,5028.00,33.00,0.00,30.00,18.00,24.00,-45.92977905,-23.24739075,598.30,0,0,0,0,0,0,0,0,
10.244053,-0.11,-0.09,10.10,0.04,-0.00,0.01,39.51,11.64,-21.83,-0.02,-0.04,9.69,-0.03,-0.10,0.01,27.43,-31.73,-12.06,-0.39,0.89,-0.07,33.70,953.22,24.06,0.00,5025.00,33.00,0.00,30.00,18.00,24.00,-45.92977905,-23.24739075,598.30,0,0,0,0,0,0,0,0,
10.277699,-0.23,-0.14,10.04,0.04,0.00,0.01,39.51,11.64,-21.83,0.05,-0.10,9.66,-0.03,-0.11,0.01,27.90,-31.61,-11.89,-0.39,0.89,-0.07,33.70,953.22,24.06,0.00,5025.00,33.00,0.00,28.00,16.00,26.00,-45.92977905,-23.24739075,598.30,0,0,0,0,0,0,0,0,
10.311381,-0.18,-0.09,10.07,0.04,0.00,0.02,39.51,11.64,-21.83,0.05,-0.04,9.71,-0.03,-0.11,0.01,26.22,-31.32,-11.95,-0.40,0.89,-0.08,33.70,953.22,24.06,-5.05,5034.00,33.00,0.00,30.00,18.00,26.00,-45.92977905,-23.24739075,598.30,0,0,0,0,0,0,0,0,
10.345018,-0.07,-0.06,9.97,0.04,0.00,0.01,39.51,11.64,-21.83,0.02,-0.05,9.68,-0.03,-0.11,0.01,26.85,-31.61,-12.30,-0.40,0.89,-0.08,33.70,953.22,24.06,0.00,5037.00,44.00,0.00,32.00,16.00,28.00,-45.92977905,-23.24739075,598.30,0,0,0,0,0,0,0,0,
10.378697,-0.14,-0.07,10.07,0.04,-0.00,0.01,39.51,11.64,-21.83,0.04,-0.10,9.76,-0.03,-0.11,0.01,26.97,-32.07,-12.06,-0.40,0.89,-0.08,33.70,953.22,24.06,-5.05,5037.00,44.00,0.00,32.00,16.00,26.00,-45.92977905,-23.24739075,598.30,0,0,0,0,0,0,0,0,
10.410504,-0.12,-0.07,9.98,0.04,0.00,0.01,39.51,11.64,-21.83,0.04,0.01,9.67,-0.03,-0.10,0.01,26.80,-32.19,-11.25,-0.40,0.88,-0.08,33.70,953.22,24.06,-5.05,5037.00,44.00,0.00,32.00,16.00,24.00,-45.92977905,-23.24739075,598.30,0,0,0,0,0,0,0,0,
10.445867,-0.11,-0.03,10.03,0.04,-0.00,0.01,39.51,11.64,-21.83,0.02,-0.03,9.66,-0.03,-0.11,0.01,27.43,-32.13,-10.90,-0.40,0.89,-0.08,33.70,953.22,24.06,-5.05,5037.00,33.00,0.00,28.00,18.00,22.00,-45.92978287,-23.24739265,598.34,0,0,0,0,0,0,0,0,
10.477639,-0.11,-0.16,9.95,0.05,0.00,0.01,39.51,11.64,-21.83,0.03,-0.03,9.74,-0.03,-0.11,0.00,26.85,-31.38,-12.41,-0.40,0.88,-0.08,33.70,953.22,24.06,-5.05,5037.00,33.00,0.00,28.00,20.00,24.00,-45.92978287,-23.24739265,598.34,0,0,0,0,0,0,0,0,
10.511318,-0.12,-0.08,10.12,0.04,0.00,0.01,39.51,11.64,-21.83,0.04,-0.04,9.73,-0.03,-0.10,0.01,26.45,-31.55,-11.77,-0.40,0.88,-0.08,33.70,953.22,24.06,0.00,5037.00,33.00,0.00,28.00,18.00,24.00,-45.92978287,-23.24739265,598.34,0,0,0,0,0,0,0,0,
10.545095,-0.21,-0.01,10.01,0.04,-0.00,0.01,39.51,11.64,-21.83,0.11,-0.03,9.71,-0.03,-0.11,0.00,26.62,-31.96,-12.70,-0.40,0.88,-0.08,33.70,953.22,24.06,-5.05,5037.00,33.00,0.00,24.00,18.00,24.00,-45.92978287,-23.24739265,598.34,0,0,0,0,0,0,0,0,
10.578834,-0.15,-0.08,10.03,0.04,0.00,0.01,39.51,11.64,-21.83,0.04,-0.01,9.67,-0.03,-0.11,0.00,27.20,-31.44,-11.89,-0.40,0.88,-0.08,33.70,953.22,24.06,0.00,5037.00,44.00,0.00,26.00,18.00,24.00,-45.92978287,-23.24739265,598.34,0,0,0,0,0,0,0,0,
10.612588,-0.15,0.00,10.11,0.04,0.00,0.01,39.51,11.64,-21.83,0.02,-0.04,9.69,-0.03,-0.11,0.00,27.09,-31.55,-12.24,-0.39,0.88,-0.08,33.70,953.22,24.06,-5.05,5037.00,44.00,0.00,26.00,18.00,24.00,-45.92978287,-23.24739265,598.34,0,0,0,0,0,0,0,0,
10.644842,-0.08,-0.00,10.04,0.04,0.00,0.01,39.51,11.64,-21.83,0.01,-0.05,9.68,-0.03,-0.11,0.01,26.97,-31.49,-12.93,-0.39,0.88,-0.08,33.70,953.22,24.06,-9.26,5037.00,44.00,0.00,28.00,18.00,22.00,-45.92978287,-23.24739265,598.34,0,0,0,0,0,0,0,0,
10.679244,-0.19,-0.05,10.00,0.04,0.01,0.01,39.51,11.64,-21.83,0.03,-0.02,9.72,-0.03,-0.11,0.01,27.49,-31.32,-12.59,-0.40,0.88,-0.08,33.70,953.22,24.06,-5.05,5037.00,33.00,0.00,26.00,18.00,22.00,-45.92978287,-23.24739265,598.34,0,0,0,0,0,0,0,0,
10.712139,-0.14,-0.06,9.96,0.04,0.00,0.02,39.51,11.64,-21.83,0.04,-0.05,9.66,-0.03,-0.11,0.00,27.61,-31.90,-12.88,-0.40,0.87,-0.08,33.70,953.22,24.06,0.00,5022.00,33.00,0.00,26.00,18.00,22.00,-45.92978287,-23.24739265,598.34,0,0,0,0,0,0,0,0,
10.745784,-0.12,-0.01,9.95,0.04,0.00,0.01,39.51,11.64,-21.83,0.09,-0.00,9.67,-0.03,-0.11,0.00,27.32,-31.44,-12.12,-0.40,0.87,-0.08,33.70,953.22,24.06,-5.05,5025.00,33.00,0.00,26.00,16.00,24.00,-45.92978287,-23.24739265,598.34,0,0,0,0,0,0,0,0,
10.779457,-0.20,-0.11,10.05,0.04,0.00,0.01,39.51,11.64,-21.83,0.06,-0.05,9.69,-0.03,-0.11,0.00,27.09,-31.73,-11.77,-0.40,0.88,-0.08,33.70,953.22,24.06,0.00,5028.00,33.00,0.00,28.00,16.00,24.00,-45.92978287,-23.24739265,598.34,0,0,0,0,0,0,0,0,
10.813729,-0.12,-0.11,9.96,0.04,0.00,0.01,39.51,11.64,-21.83,0.02,-0.06,9.71,-0.03,-0.11,0.00,27.20,-31.78,-12.18,-0.40,0.88,-0.09,33.71,953.24,24.06,0.00,5037.00,33.00,0.00,30.00,16.00,24.00,-45.92978287,-23.24739265,598.34,0,0,0,0,0,0,0,0,
10.846549,-0.20,0.08,10.01,0.04,0.00,0.01,39.51,11.64,-21.83,0.01,-0.02,9.76,-0.03,-0.10,0.01,27.38,-31.67,-12.35,-0.40,0.87,-0.09,33.71,953.24,24.06,-5.05,5034.00,33.00,0.00,28.00,20.00,26.00,-45.92978287,-23.24739265,598.38,0,0,0,0,0,0,0,0,
10.880218,-0.16,-0.20,10.05,0.04,0.00,0.01,39.51,11.64,-21.83,0.06,-0.01,9.76,-0.03,-0.10,0.00,27.14,-32.19,-12.12,-0.40,0.87,-0.08,33.71,953.24,24.06,0.00,5034.00,33.00,0.00,26.00,24.00,26.00,-45.92978287,-23.24739265,598.38,0,0,0,0,0,0,0,0,
10.913334,-0.17,-0.08,10.11,0.04,0.00,0.01,39.51,11.64,-21.83,0.03,-0.08,9.68,-0.03,-0.11,0.01,26.91,-31.84,-12.35,-0.40,0.87,-0.08,33.71,953.24,24.06,-5.05,5028.00,33.00,0.00,26.00,22.00,26.00,-45.92978287,-23.24739265,598.38,0,0,0,0,0,0,0,0,
10.946118,-0.19,-0.03,9.95,0.04,-0.00,0.01,39.51,11.64,-21.83,0.04,-0.01,9.66,-0.03,-0.11,0.01,27.38,-31.67,-12.70,-0.41,0.88,-0.09,33.71,953.24,24.06,-5.05,5028.00,33.00,0.00,26.00,22.00,24.00,-45.92978287,-23.24739456,598.42,0,0,0,0,0,0,0,0,
10.979868,-0.15,0.01,10.06,0.04,0.00,0.01,39.51,11.64,-21.83,0.06,-0.04,9.66,-0.03,-0.12,0.01,27.26,-31.55,-12.35,-0.41,0.88,-0.09,33.71,953.24,24.06,-5.05,5025.00,33.00,0.00,28.00,22.00,22.00,-45.92978287,-23.24739456,598.42,0,0,0,0,0,0,0,0,
11.013517,-0.16,-0.08,10.19,0.04,0.00,0.01,39.51,11.64,-21.83,0.03,-0.02,9.68,-0.03,-0.11,0.00,26.68,-31.67,-12.12,-0.41,0.88,-0.09,33.71,953.24,24.06,-5.05,5034.00,33.00,0.00,28.00,20.00,24.00,-45.92978287,-23.24739456,598.42,0,0,0,0,0,0,0,0,
11.047239,-0.21,-0.04,10.04,0.04,0.00,0.01,39.51,11.64,-21.83,0.06,-0.03,9.73,-0.03,-0.11,0.00,27.32,-31.38,-12.18,-0.42,0.88,-0.09,33.71,953.24,24.06,-5.05,5037.00,33.00,0.00,30.00,20.00,24.00,-45.92978287,-23.24739456,598.42,0,0,0,0,0,0,0,0,
11.080920,-0.16,-0.09,10.17,0.04,-0.00,0.01,39.51,11.64,-21.83,0.03,-0.10,9.73,-0.03,-0.11,0.00,26.91,-32.07,-11.54,-0.42,0.88,-0.09,33.71,953.24,24.06,-5.05,5037.00,33.00,0.00,30.00,24.00,24.00,-45.92978287,-23.24739456,598.42,0,0,0,0,0,0,0,0,
11.114715,-0.11,-0.12,9.90,0.04,0.00,0.01,39.51,11.64,-21.83,0.04,-0.07,9.62,-0.03,-0.11,0.00,26.85,-31.55,-11.37,-0.41,0.88,-0.09,33.71,953.24,24.06,0.00,5034.00,33.00,0.00,28.00,24.00,22.00,-45.92978287,-23.24739456,598.42,0,0,0,0,0,0,0,0,
11.147933,-0.12,-0.12,10.04,0.03,0.00,0.01,40.21,10.23,-22.51,0.09,-0.11,9.76,-0.02,-0.11,0.01,26.80,-31.61,-11.48,-0.41,0.88,-0.09,33.71,953.24,24.06,0.00,5031.00,33.00,0.00,30.00,22.00,24.00,-45.92978287,-23.24739456,598.42,0,0,0,0,0,0,0,0,
11.181771,-0.14,0.01,9.99,0.04,0.00,0.01,40.21,10.23,-22.51,0.03,-0.05,9.73,-0.03,-0.11,0.00,27.32,-31.78,-11.83,-0.41,0.88,-0.09,33.71,953.24,24.06,0.00,5025.00,33.00,0.00,30.00,18.00,24.00,-45.92978668,-23.24739647,598.58,0,0,0,0,0,0,0,0,
11.215411,-0.14,0.01,10.16,0.04,0.00,0.02,40.21,10.23,-22.51,0.04,-0.13,9.66,-0.03,-0.10,0.00,26.68,-31.84,-11.31,-0.41,0.88,-0.09,33.71,953.24,24.06,-5.05,5031.00,33.00,0.00,32.00,16.00,24.00,-45.92978668,-23.24739647,598.58,0,0,0,0,0,0,0,0,
11.247173,-0.13,-0.01,9.93,0.04,-0.00,0.01,40.21,10.23,-22.51,0.06,-0.03,9.71,-0.03,-0.11,0.01,26.80,-31.84,-11.54,-0.41,0.88,-0.09,33.71,953.24,24.06,-5.05,5025.00,33.00,0.00,32.00,16.00,24.00,-45.92978668,-23.24739647,598.58,0,0,0,0,0,0,0,0,
11.280889,-0.04,0.01,10.09,0.04,-0.00,0.01,40.21,10.23,-22.51,0.06,-0.02,9.76,-0.03,-0.10,0.00,27.38,-31.90,-11.72,-0.40,0.88,-0.10,33.71,953.24,24.06,-5.05,5034.00,33.00,0.00,32.00,18.00,22.00,-45.92978668,-23.24739647,598.58,0,0,0,0,0,0,0,0,
11.314583,-0.13,-0.10,9.92,0.04,0.00,0.01,40.21,10.23,-22.51,0.07,-0.10,9.66,-0.03,-0.11,0.01,26.45,-31.49,-12.30,-0.40,0.88,-0.10,33.71,953.24,24.06,-5.05,5028.00,33.00,0.00,32.00,18.00,22.00,-45.92978668,-23.24739647,598.58,0,0,0,0,0,0,0,0,
11.348252,-0.08,-0.05,9.99,0.04,-0.00,0.01,40.21,10.23,-22.51,0.01,-0.04,9.77,-0.03,-0.11,0.01,26.91,-31.73,-12.30,-0.40,0.88,-0.10,33.71,953.24,24.06,-5.05,5037.00,33.00,0.00,30.00,20.00,22.00,-45.92978668,-23.24739647,598.58,0,0,0,0,0,0,0,0,
11.382480,-0.17,-0.10,9.90,0.04,0.00,0.01,40.21,10.23,-22.51,0.04,-0.06,9.73,-0.02,-0.11,0.00,27.14,-31.78,-12.06,-0.40,0.88,-0.10,33.71,953.24,24.06,-5.05,5037.00,33.00,0.00,30.00,24.00,22.00,-45.92978668,-23.24739647,598.58,0,0,0,0,0,0,0,0,
11.416226,-0.09,-0.08,10.18,0.04,0.00,0.01,40.21,10.23,-22.51,0.06,-0.01,9.61,-0.03,-0.11,0.01,27.49,-31.73,-12.24,-0.40,0.88,-0.10,33.71,953.24,24.06,-9.26,5037.00,33.00,0.00,30.00,22.00,20.00,-45.92978668,-23.24739647,598.64,0,0,0,0,0,0,0,0,
11.449956,-0.13,-0.06,10.04,0.04,0.00,0.01,40.21,10.23,-22.51,0.01,-0.04,9.68,-0.03,-0.11,0.01,27.14,-31.61,-11.72,-0.40,0.88,-0.10,33.71,953.24,24.06,-5.05,5037.00,33.00,0.00,32.00,20.00,22.00,-45.92978668,-23.24739647,598.64,0,0,0,0,0,0,0,0,
11.481680,-0.17,-0.05,10.07,0.04,0.00,0.01,40.21,10.23,-22.51,0.11,-0.07,9.68,-0.03,-0.11,0.01,27.20,-31.73,-11.54,-0.40,0.88,-0.10,33.71,953.24,24.06,-9.26,5034.00,33.00,0.00,32.00,16.00,22.00,-45.92978668,-23.24739647,598.64,0,0,0,0,0,0,0,0,
11.515554,-0.20,-0.07,10.00,0.04,0.00,0.02,40.21,10.23,-22.51,0.05,-0.06,9.75,-0.03,-0.11,0.01,27.32,-32.13,-11.66,-0.40,0.88,-0.10,33.71,953.24,24.06,0.00,5037.00,33.00,0.00,32.00,18.00,24.00,-45.92978668,-23.24739647,598.64,0,0,0,0,0,0,0,0,
11.549424,-0.13,-0.03,9.94,0.04,-0.00,0.01,40.21,10.23,-22.51,0.02,-0.08,9.66,-0.03,-0.11,0.00,26.62,-32.65,-11.77,-0.40,0.88,-0.10,33.71,953.24,24.06,0.00,5031.00,33.00,0.00,32.00,16.00,22.00,-45.92978668,-23.24739647,598.64,0,0,0,0,0,0,0,0,
11.583147,-0.08,-0.03,9.98,0.04,0.00,0.01,40.21,10.23,-22.51,0.04,-0.04,9.65,-0.03,-0.11,0.00,27.38,-31.84,-12.35,-0.40,0.88,-0.10,33.71,953.24,24.06,0.00,5037.00,33.00,0.00,30.00,16.00,22.00,-45.92978668,-23.24739647,598.64,0,0,0,0,0,0,0,0,
11.615058,-0.08,-0.05,9.97,0.04,-0.00,0.01,40.21,10.23,-22.51,0.04,-0.06,9.63,-0.03,-0.11,0.01,26.85,-30.97,-11.66,-0.40,0.88,-0.10,33.71,953.24,24.06,-5.05,5034.00,33.00,0.00,28.00,18.00,20.00,-45.92978668,-23.24739647,598.64,0,0,0,0,0,0,0,0,
11.649471,-0.09,-0.11,9.96,0.03,0.00,0.02,42.86,9.70,-23.02,0.04,-0.04,9.73,-0.03,-0.11,0.01,27.67,-31.61,-12.47,-0.40,0.89,-0.10,33.71,953.24,24.06,-5.05,5034.00,33.00,0.00,28.00,20.00,22.00,-45.92978668,-23.24739647,598.64,0,0,0,0,0,0,0,0,
11.682756,-0.23,-0.09,9.97,0.04,0.01,0.01,42.86,9.70,-23.02,0.04,-0.06,9.66,-0.03,-0.10,0.01,27.03,-31.44,-11.77,-0.39,0.89,-0.10,33.71,953.24,24.06,-5.05,5028.00,44.00,0.00,26.00,22.00,22.00,-45.92978668,-23.24739647,598.64,0,0,0,0,0,0,0,0,
11.716462,-0.11,-0.09,9.97,0.04,0.00,0.01,42.86,9.70,-23.02,0.06,-0.06,9.64,-0.03,-0.12,0.01,26.97,-31.49,-12.18,-0.39,0.89,-0.10,33.71,953.24,24.06,0.00,5031.00,44.00,0.00,28.00,22.00,24.00,-45.92978668,-23.24739647,598.64,0,0,0,0,0,0,0,0,
11.750171,-0.16,-0.09,10.10,0.04,0.00,0.01,42.86,9.70,-23.02,0.05,0.01,9.63,-0.03,-0.12,0.01,27.03,-31.49,-12.12,-0.39,0.88,-0.10,33.71,953.24,24.06,-5.05,5037.00,33.00,0.00,28.00,22.00,24.00,-45.92978668,-23.24739647,598.64,0,0,0,0,0,0,0,0,
11.783812,-0.16,-0.05,10.05,0.04,0.00,0.02,42.86,9.70,-23.02,0.01,0.05,9.63,-0.03,-0.11,0.01,27.09,-31.84,-11.95,-0.39,0.89,-0.10,33.71,953.24,24.06,0.00,5043.00,33.00,0.00,30.00,24.00,24.00,-45.92978668,-23.24739647,598.64,0,0,0,0,0,0,0,0,
11.817470,-0.14,-0.14,9.98,0.04,0.00,0.01,42.86,9.70,-23.02,0.04,-0.06,9.72,-0.03,-0.11,0.00,27.32,-31.78,-11.43,-0.39,0.89,-0.10,33.71,953.24,24.06,-9.26,5040.00,33.00,0.00,30.00,24.00,24.00,-45.92978668,-23.24739647,598.64,0,0,0,0,0,0,0,0,
11.849453,-0.20,-0.08,10.05,0.04,0.00,0.02,42.86,9.70,-23.02,0.04,-0.01,9.69,-0.03,-0.11,0.00,27.26,-31.84,-11.66,-0.40,0.89,-0.10,33.69,953.23,24.06,-9.26,5040.00,33.00,0.00,30.00,24.00,24.00,-45.92978668,-23.24739647,598.64,0,0,0,0,0,0,0,0,
11.883520,-0.12,-0.00,10.03,0.04,0.00,0.01,42.86,9.70,-23.02,0.06,-0.05,9.63,-0.03,-0.11,0.01,26.97,-30.91,-12.24,-0.40,0.90,-0.10,33.69,953.23,24.06,-5.05,5028.00,33.00,0.00,28.00,20.00,24.00,-45.92978668,-23.24739647,598.72,0,0,0,0,0,0,0,0,
11.917880,-0.07,0.05,10.05,0.04,0.00,0.01,42.86,9.70,-23.02,-0.00,-0.07,9.70,-0.03,-0.11,0.01,28.01,-31.15,-11.83,-0.40,0.90,-0.10,33.69,953.23,24.06,-5.05,5028.00,33.00,0.00,30.00,18.00,24.00,-45.92978668,-23.24739647,598.72,0,0,0,0,0,0,0,0,
11.950183,-0.17,-0.16,10.08,0.04,0.01,0.01,42.86,9.70,-23.02,0.03,-0.03,9.64,-0.03,-0.11,0.01,26.97,-31.09,-11.83,-0.40,0.89,-0.10,33.69,953.23,24.06,0.00,5022.00,33.00,0.00,26.00,16.00,24.00,-45.92978668,-23.24739647,598.72,0,0,0,0,0,0,0,0,
11.983721,-0.04,-0.12,10.07,0.04,0.00,0.01,42.86,9.70,-23.02,0.04,-0.02,9.69,-0.03,-0.11,0.00,26.68,-31.26,-11.43,-0.40,0.90,-0.09,33.69,953.23,24.06,-5.05,5034.00,33.00,0.00,30.00,16.00,24.00,-45.92978668,-23.24739647,598.72,0,0,0,0,0,0,0,0,
12.017547,-0.18,-0.02,9.99,0.04,0.00,0.01,42.86,9.70,-23.02,0.03,-0.03,9.65,-0.03,-0.11,0.00,27.38,-31.55,-12.53,-0.40,0.90,-0.09,33.69,953.23,24.06,-5.05,5034.00,33.00,0.00,30.00,18.00,24.00,-45.92978668,-23.24739647,598.72,0,0,0,0,0,0,0,0,
12.051247,-0.07,-0.03,9.96,0.04,-0.00,0.01,40.04,10.41,-22.68,0.02,-0.06,9.62,-0.03,-0.11,0.01,27.26,-31.55,-11.83,-0.40,0.89,-0.10,33.69,953.23,24.06,-5.05,5037.00,33.00,0.00,32.00,16.00,20.00,-45.92978668,-23.24739647,598.72,0,0,0,0,0,0,0,0,
12.084791,-0.14,0.01,9.92,0.04,0.00,0.01,40.04,10.41,-22.68,-0.00,-0.01,9.68,-0.03,-0.11,0.01,27.20,-32.48,-12.01,-0.40,0.89,-0.10,33.69,953.23,24.06,-9.26,5034.00,33.00,0.00,30.00,20.00,20.00,-45.92978668,-23.24739647,598.72,0,0,0,0,0,0,0,0,
12.118826,-0.30,-0.07,10.07,0.04,0.00,0.01,40.04,10.41,-22.68,0.02,-0.04,9.63,-0.02,-0.11,0.01,26.56,-31.44,-11.95,-0.40,0.89,-0.10,33.69,953.23,24.06,0.00,5034.00,33.00,0.00,30.00,20.00,24.00,-45.92978668,-23.24739647,598.72,0,0,0,0,0,0,0,0,
12.151590,-0.18,-0.09,9.95,0.04,0.00,0.01,40.04,10.41,-22.68,0.04,-0.04,9.58,-0.03,-0.11,0.01,26.85,-31.73,-11.37,-0.39,0.90,-0.10,33.69,953.23,24.06,-5.05,5037.00,33.00,0.00,26.00,20.00,24.00,-45.92979050,-23.24739838,598.82,0,0,0,0,0,0,0,0,
12.185191,-0.10,-0.00,10.02,0.04,-0.00,0.02,40.04,10.41,-22.68,0.03,-0.01,9.66,-0.03,-0.11,0.01,27.49,-31.90,-11.83,-0.39,0.90,-0.09,33.69,953.23,24.06,-5.05,5037.00,33.00,0.00,26.00,16.00,22.00,-45.92979050,-23.24739838,598.82,0,0,0,0,0,0,0,0,
12.219063,-0.16,-0.09,9.96,0.04,0.00,0.01,40.04,10.41,-22.68,0.06,-0.10,9.74,-0.02,-0.10,0.01,26.74,-31.61,-11.83,-0.39,0.90,-0.10,33.69,953.23,24.06,-9.26,5037.00,33.00,0.00,26.00,18.00,22.00,-45.92979050,-23.24739838,598.82,0,0,0,0,0,0,0,0,
12.252862,-0.14,0.04,9.97,0.04,0.00,0.01,40.04,10.41,-22.68,0.04,0.02,9.66,-0.03,-0.10,0.01,26.97,-31.84,-12.06,-0.39,0.90,-0.10,33.69,953.23,24.06,-9.26,5037.00,33.00,0.00,26.00,18.00,24.00,-45.92979050,-23.24739838,598.82,0,0,0,0,0,0,0,0,
12.286531,-0.14,-0.02,9.96,0.04,-0.00,0.01,40.04,10.41,-22.68,0.05,-0.06,9.67,-0.03,-0.11,0.01,26.74,-32.02,-12.88,-0.39,0.89,-0.10,33.69,953.23,24.06,-9.26,5034.00,44.00,0.00,28.00,20.00,24.00,-45.92979050,-23.24739838,598.82,0,0,0,0,0,0,0,0,
12.318337,-0.19,-0.17,9.95,0.04,-0.00,0.01,40.04,10.41,-22.68,0.04,-0.05,9.66,-0.03,-0.11,0.01,26.80,-31.55,-11.72,-0.40,0.89,-0.10,33.69,953.23,24.06,0.00,5034.00,44.00,0.00,30.00,18.00,24.00,-45.92979050,-23.24739838,598.82,0,0,0,0,0,0,0,0,
12.353582,-0.12,-0.07,10.00,0.04,0.00,0.01,40.04,10.41,-22.68,-0.01,-0.05,9.61,-0.03,-0.11,0.01,27.14,-31.03,-11.66,-0.40,0.89,-0.10,33.69,953.23,24.06,0.00,5034.00,44.00,0.00,30.00,18.00,22.00,-45.92979050,-23.24739838,598.82,0,0,0,0,0,0,0,0,
12.385474,-0.18,-0.04,9.97,0.04,0.00,0.01,40.04,10.41,-22.68,0.04,0.01,9.62,-0.03,-0.11,0.01,27.14,-30.57,-11.95,-0.39,0.89,-0.10,33.69,953.23,24.06,0.00,5031.00,33.00,0.00,26.00,18.00,24.00,-45.92979050,-23.24739838,598.82,0,0,0,0,0,0,0,0,
12.420049,-0.12,-0.11,9.95,0.04,0.00,0.01,40.04,10.41,-22.68,0.04,-0.05,9.65,-0.02,-0.11,0.01,27.09,-31.84,-11.83,-0.39,0.89,-0.10,33.69,953.23,24.06,-5.05,5025.00,33.00,0.00,26.00,20.00,24.00,-45.92979050,-23.24739838,598.82,0,0,0,0,0,0,0,0,
12.453727,-0.18,0.01,10.07,0.04,0.00,0.01,40.04,10.41,-22.68,0.12,-0.01,9.62,-0.03,-0.11,0.01,27.20,-31.32,-12.59,-0.40,0.89,-0.10,33.69,953.23,24.06,-5.05,5025.00,33.00,0.00,30.00,18.00,24.00,-45.92979050,-23.24739838,598.82,0,0,0,0,0,0,0,0,
12.487348,-0.17,-0.16,9.94,0.04,0.00,0.01,40.04,10.41,-22.68,0.06,-0.01,9.78,-0.02,-0.11,0.01,26.22,-31.96,-11.72,-0.40,0.89,-0.10,33.69,953.23,24.06,-5.05,5028.00,33.00,0.00,30.00,20.00,24.00,-45.92979050,-23.24739838,598.82,0,0,0,0,0,0,0,0,
12.519131,-0.12,-0.10,10.01,0.04,0.00,0.01,40.04,10.41,-22.68,0.01,-0.04,9.63,-0.03,-0.11,0.00,27.09,-31.78,-11.37,-0.40,0.88,-0.10,33.69,953.23,24.06,-5.05,5037.00,33.00,0.00,30.00,20.00,24.00,-45.92979050,-23.24739838,598.82,0,0,0,0,0,0,0,0,
12.553357,-0.22,-0.17,10.06,0.05,-0.00,0.01,40.04,10.41,-22.68,0.05,-0.02,9.63,-0.02,-0.11,0.00,26.62,-31.38,-11.66,-0.40,0.88,-0.10,33.69,953.23,24.06,0.00,5040.00,33.00,0.00,30.00,22.00,24.00,-45.92979050,-23.24739838,598.82,0,0,0,0,0,0,0,0,
12.587086,-0.16,-0.02,9.94,0.04,-0.00,0.01,40.04,10.41,-22.68,0.07,-0.11,9.74,-0.02,-0.11,0.00,26.39,-31.03,-12.30,-0.40,0.88,-0.10,33.69,953.23,24.06,0.00,5043.00,33.00,0.00,32.00,20.00,24.00,-45.92979050,-23.24739838,598.82,0,0,0,0,0,0,0,0,
12.621446,-0.11,-0.08,10.00,0.04,0.00,0.01,40.04,10.41,-22.68,0.09,-0.03,9.66,-0.03,-0.11,-0.00,27.26,-31.78,-12.70,-0.40,0.88,-0.10,33.69,953.23,24.06,0.00,5037.00,33.00,0.00,32.00,20.00,24.00,-45.92979050,-23.24739838,599.08,0,0,0,0,0,0,0,0,
12.653181,-0.21,-0.08,10.06,0.04,0.00,0.01,39.51,9.52,-24.89,0.04,-0.08,9.66,-0.03,-0.11,0.01,27.26,-30.91,-12.64,-0.40,0.88,-0.10,33.69,953.23,24.06,-5.05,5034.00,44.00,0.00,26.00,20.00,24.00,-45.92979050,-23.24739838,599.08,0,0,0,0,0,0,0,0,
12.686845,-0.16,-0.15,9.91,0.04,0.00,0.02,39.51,9.52,-24.89,0.09,-0.04,9.66,-0.02,-0.11,0.00,26.16,-31.96,-12.24,-0.40,0.87,-0.10,33.69,953.23,24.06,-5.05,5034.00,44.00,0.00,30.00,20.00,24.00,-45.92979050,-23.24739838,599.08,0,0,0,0,0,0,0,0,
12.720509,-0.15,-0.11,10.07,0.04,-0.00,0.01,39.51,9.52,-24.89,-0.00,-0.04,9.66,-0.03,-0.11,0.01,27.14,-32.48,-11.60,-0.40,0.87,-0.10,33.69,953.23,24.06,0.00,5037.00,33.00,0.00,28.00,22.00,24.00,-45.92979050,-23.24739838,599.08,0,0,0,0,0,0,0,0,
12.754180,-0.21,-0.10,9.97,0.04,0.00,0.01,39.51,9.52,-24.89,0.03,-0.04,9.64,-0.02,-0.12,0.00,26.74,-32.02,-11.77,-0.41,0.87,-0.10,33.69,953.23,24.06,-5.05,5040.00,33.00,0.00,30.00,22.00,24.00,-45.92979050,-23.24739838,599.08,0,0,0,0,0,0,0,0,
12.787900,-0.12,-0.11,10.00,0.04,0.00,0.01,41.45,11.11,-22.68,0.03,-0.04,9.70,-0.03,-0.11,0.00,26.91,-31.49,-11.48,-0.41,0.87,-0.10,33.69,953.23,24.06,0.00,5037.00,44.00,0.00,28.00,20.00,22.00,-45.92979050,-23.24739838,599.08,0,0,0,0,0,0,0,0,
12.820565,-0.20,-0.05,9.97,0.04,0.00,0.01,41.45,11.11,-22.68,0.02,-0.04,9.65,-0.03,-0.10,0.01,27.38,-31.32,-11.72,-0.41,0.87,-0.10,33.69,953.23,24.06,-5.05,5037.00,33.00,0.00,26.00,18.00,20.00,-45.92979050,-23.24739838,599.08,0,0,0,0,0,0,0,0,
12.854353,-0.11,-0.08,10.03,0.04,0.00,0.01,41.45,11.11,-22.68,0.05,-0.04,9.67,-0.02,-0.11,0.01,27.90,-31.03,-11.37,-0.41,0.87,-0.10,33.69,953.23,24.06,0.00,5034.00,33.00,0.00,28.00,20.00,20.00,-45.92979050,-23.24739838,599.14,0,0,0,0,0,0,0,0,
12.888093,-0.10,-0.03,9.97,0.04,-0.00,0.01,41.45,11.11,-22.68,0.02,-0.06,9.64,-0.03,-0.11,0.00,26.56,-31.49,-11.60,-0.41,0.88,-0.10,33.69,953.23,24.06,-5.05,5031.00,33.00,0.00,28.00,16.00,24.00,-45.92979050,-23.24739838,599.14,0,0,0,0,0,0,0,0,
12.920534,-0.10,0.00,10.05,0.04,-0.00,0.01,41.09,11.46,-22.00,0.03,-0.06,9.70,-0.03,-0.11,0.00,26.51,-30.80,-12.12,-0.42,0.88,-0.10,33.65,953.22,24.06,0.00,5031.00,33.00,0.00,28.00,18.00,24.00,-45.92979050,-23.24739838,599.14,0,0,0,0,0,0,0,0,
12.954922,-0.11,-0.11,9.94,0.04,0.00,0.01,41.09,11.46,-22.00,0.05,-0.03,9.64,-0.03,-0.11,0.00,26.85,-30.86,-11.83,-0.42,0.88,-0.10,33.65,953.22,24.06,-5.05,5031.00,33.00,0.00,28.00,18.00,24.00,-45.92979050,-23.247